6.000000 0.000398 2.375973 -342.052002 119356.914062
5.990000 0.000061 2.392031 -344.104004 120833.250000
5.980000 0.000591 2.422029 -342.687988 119764.625000
5.970000 0.000314 2.316023 -346.937988 122811.734375
5.960000 -0.000882 2.273939 -343.954010 120762.421875
5.950000 0.000224 2.290424 -346.398010 122333.992188
5.940000 0.000975 2.351512 -343.753998 120440.539062
5.930000 -0.001984 2.350125 -346.585999 122470.359375
5.920000 0.000698 2.396693 -347.944000 123347.554688
5.910000 -0.000843 2.486713 -347.739990 123287.875000
5.900000 -0.002108 2.183400 -347.208008 122907.937500
5.890000 -0.000660 2.250789 -349.747986 124762.304688
5.880000 -0.001522 2.259690 -349.135986 124190.882812
5.870000 0.001240 2.460191 -346.850006 122723.476562
5.860000 -0.001668 2.182481 -349.694000 124538.484375
5.850000 0.000397 2.461615 -350.936005 125584.796875
5.840000 0.000150 2.294570 -350.515991 125211.539062
5.830000 -0.001387 2.383680 -353.325989 127193.078125
5.820000 0.000503 2.399404 -354.575989 128071.187500
5.810000 -0.003972 2.463436 -354.855988 128346.398438
5.800000 -0.001019 2.416029 -353.716003 127465.820312
5.790000 0.000167 2.470068 -355.541992 128921.671875
5.780000 -0.000710 2.413127 -358.056000 130602.687500
5.770000 0.002249 2.535420 -358.712006 130957.773438
5.760000 -0.000402 2.247039 -357.665985 130351.781250
5.750000 0.003467 2.526914 -358.335999 130675.148438
5.740000 0.004149 2.607912 -360.269989 132252.687500
5.730000 -0.000681 2.350670 -358.717987 130927.320312
5.720000 -0.000002 2.322742 -362.033997 133504.328125
5.710000 -0.001503 2.310760 -359.786011 131892.171875
5.700000 -0.000796 2.414428 -362.660004 133864.484375
5.690000 0.001691 2.399563 -361.082001 132715.109375
5.680000 -0.001185 2.367451 -362.332001 133733.687500
5.670000 0.001961 2.535754 -367.036011 136944.390625
5.660000 0.000948 2.465170 -364.843994 135462.078125
5.650000 0.002061 2.272680 -364.808014 135393.765625
5.640000 0.000807 2.479586 -364.839996 135462.812500
5.630000 -0.001110 2.388310 -366.115997 136499.328125
5.620000 0.001671 2.613514 -367.559998 137505.093750
5.610000 0.000652 2.547613 -371.105988 140089.593750
5.600000 0.001198 2.463377 -369.036011 138522.203125
5.590000 0.000176 2.474898 -370.817993 139918.843750
5.580000 -0.000407 2.480467 -371.157990 140167.937500
5.570000 -0.001198 2.424643 -373.623993 142059.109375
5.560000 0.001771 2.530029 -374.101990 142435.390625
5.550000 0.000417 2.473189 -372.764008 141409.500000
5.540000 -0.000854 2.592062 -376.287994 144133.187500
5.530000 -0.002479 2.574600 -374.414001 142574.468750
5.520000 -0.000615 2.515500 -374.705994 142724.187500
5.510000 0.002298 2.391357 -376.891998 144429.765625
5.500000 0.000189 2.433586 -378.205994 145418.078125
5.490000 0.000390 2.480041 -379.174011 146323.843750
5.480000 0.001792 2.584045 -379.454010 146427.515625
5.470000 -0.000847 2.637158 -380.873993 147450.500000
5.460000 0.001071 2.510026 -381.067993 147542.406250
5.450000 -0.001240 2.407680 -380.011993 146894.750000
5.440000 0.000340 2.537242 -382.097992 148396.156250
5.430000 -0.000311 2.455441 -382.458008 148652.609375
5.420000 -0.000404 2.526441 -384.670013 150320.984375
5.410000 -0.001295 2.616887 -384.243988 150088.250000
5.400000 0.003171 2.602932 -385.881989 151274.968750
5.390000 0.000480 2.543726 -387.545990 152604.578125
5.380000 0.000045 2.491051 -389.578003 154295.718750
5.370000 -0.001035 2.614645 -387.713989 152759.484375
5.360000 -0.000443 2.585258 -389.951996 154394.656250
5.350000 0.000739 2.692178 -389.100006 154019.937500
5.340000 0.000401 2.548412 -389.731995 154370.843750
5.330000 -0.000446 2.535189 -393.838013 157549.531250
5.320000 0.000659 2.481647 -393.653992 157379.359375
5.310000 -0.000335 2.779127 -395.600006 159029.281250
5.300000 0.000252 2.600059 -392.563995 156669.703125
5.290000 -0.002004 2.786707 -394.467987 157947.265625
5.280000 -0.001578 2.506621 -393.839996 157481.250000
5.270000 -0.001800 2.596428 -395.376007 158766.265625
5.260000 0.001928 2.480516 -397.226013 160176.953125
5.250000 0.000874 2.777283 -400.380005 162654.562500
5.240000 0.002011 2.553908 -402.921997 164809.156250
5.230000 -0.001466 2.497846 -400.821991 163039.968750
5.220000 -0.000301 2.663758 -403.309998 165179.328125
5.210000 -0.001201 2.786027 -403.247986 165144.953125
5.200000 0.001114 2.717002 -403.302002 165134.375000
5.190000 0.001041 2.718144 -404.902008 166402.375000
5.180000 -0.002092 2.901305 -405.687988 167020.250000
5.170000 0.000366 2.561541 -404.028015 165778.593750
5.160000 0.001660 2.682976 -406.806000 167969.281250
5.150000 -0.001926 2.689430 -407.631989 168768.734375
5.140000 0.002244 2.687133 -408.338013 169295.906250
5.130000 -0.003193 2.706356 -410.544006 170954.140625
5.120000 0.000882 2.724658 -411.160004 171640.484375
5.110000 -0.001070 2.557219 -412.003998 172279.078125
5.100000 -0.000794 2.716928 -411.946014 172174.687500
5.090000 0.000120 2.785924 -415.243988 174971.578125
5.080000 0.003133 2.865035 -416.365997 175705.765625
5.070000 -0.001102 3.060777 -415.649994 175177.062500
5.060000 -0.000954 2.863162 -416.294006 175836.640625
5.050000 0.001067 2.970873 -416.631989 175956.093750
5.040000 0.000548 2.816174 -417.127991 176418.468750
5.030000 0.004106 2.630912 -418.921997 178051.296875
5.020000 0.003578 2.837195 -422.108002 180710.109375
5.010000 0.000905 2.935553 -419.536011 178501.218750
5.000000 -0.000477 2.727680 -423.489990 181878.500000
4.990000 0.002013 2.661756 -423.362000 181616.421875
4.980000 0.000786 2.813666 -423.795990 182153.312500
4.970000 -0.003132 3.061682 -426.014008 183948.390625
4.960000 -0.000750 2.792727 -426.936005 184876.828125
4.950000 -0.001590 2.792438 -428.563995 186295.265625
4.940000 0.001283 2.680234 -428.268005 186091.937500
4.930000 0.002771 2.848731 -431.562012 188700.000000
4.920000 0.005180 3.177574 -430.670013 187943.609375
4.910000 0.000888 2.965404 -433.967987 190954.750000
4.900000 -0.002400 3.178172 -433.847992 190811.781250
4.890000 0.000197 3.032172 -435.037994 191629.250000
4.880000 0.000465 3.026531 -435.364014 192015.359375
4.870000 0.000979 2.921740 -436.553986 193034.109375
4.860000 0.002917 3.105029 -435.388000 192132.390625
4.850000 -0.000524 2.899424 -439.903992 196065.156250
4.840000 0.002584 2.831258 -441.354004 197356.312500
4.830000 -0.001343 2.978068 -440.141998 196133.890625
4.820000 0.002475 3.034496 -442.716003 198428.796875
4.810000 0.003494 3.158488 -443.191986 198969.500000
4.800000 -0.002221 2.846676 -441.790009 197522.531250
4.790000 -0.002515 3.167693 -445.880005 201274.687500
4.780000 0.000057 3.112746 -445.532013 201089.562500
4.770000 0.000492 2.990785 -447.492004 202797.500000
4.760000 -0.003403 2.859568 -447.817993 203036.734375
4.750000 0.000854 3.294027 -449.040009 204077.625000
4.740000 0.003123 3.046902 -450.373993 205551.078125
4.730000 -0.000810 3.069275 -452.028015 206900.187500
4.720000 0.001573 3.050865 -452.048004 206933.031250
4.710000 -0.000334 3.067340 -454.182007 208713.156250
4.700000 0.000942 3.232834 -454.682007 209106.234375
4.690000 -0.003392 2.970275 -457.608002 211982.203125
4.680000 -0.000945 3.169773 -456.384003 210868.796875
4.670000 0.000835 3.131420 -460.212006 214263.390625
4.660000 -0.001587 3.230717 -460.739990 214940.921875
4.650000 0.000186 3.182730 -460.303986 214511.015625
4.640000 0.001194 3.258791 -463.566010 217635.781250
4.630000 -0.004267 3.513600 -463.947998 217726.171875
4.620000 0.000027 3.245910 -464.687988 218529.125000
4.610000 -0.000634 3.218002 -464.951996 218868.734375
4.600000 -0.000118 3.363916 -469.096008 222718.625000
4.590000 0.000020 3.272098 -468.497986 222145.500000
4.580000 -0.000626 3.478776 -470.648010 224054.468750
4.570000 0.001893 3.418672 -472.432007 225844.921875
4.560000 0.000854 3.454211 -474.735992 227927.781250
4.550000 -0.001449 3.151109 -475.049988 228218.531250
4.540000 -0.001954 3.194936 -473.967987 227242.265625
4.530000 -0.001330 3.281277 -475.562012 228783.046875
4.520000 -0.000425 3.665865 -478.985992 232014.562500
4.510000 0.000141 3.570519 -475.954010 229267.843750
4.500000 -0.001708 3.507865 -478.123993 231215.875000
4.490000 -0.001842 3.402024 -479.899994 232871.937500
4.480000 0.000276 3.347787 -482.299988 235278.015625
4.470000 -0.000428 3.254449 -482.145996 235004.796875
4.460000 0.001464 3.270467 -484.303986 237161.062500
4.450000 0.001645 3.525164 -484.455994 237387.640625
4.440000 0.001080 3.480129 -488.156006 240975.328125
4.430000 0.002491 3.437397 -489.298004 242005.500000
4.420000 -0.000676 3.575820 -489.989990 242600.156250
4.410000 0.001436 3.716910 -491.667999 244533.703125
4.400000 -0.001374 3.557006 -492.351990 245135.718750
4.390000 0.000890 3.502154 -495.537994 248105.250000
4.380000 0.000697 3.730051 -494.877991 247516.796875
4.370000 0.001162 3.722047 -496.618011 249315.453125
4.360000 -0.002105 3.614293 -498.226013 250875.812500
4.350000 -0.000235 3.531799 -500.071991 252684.421875
4.340000 -0.000650 3.425539 -502.855988 255564.640625
4.330000 -0.002044 3.879092 -501.268005 254002.937500
4.320000 0.000103 3.591357 -503.381989 256206.265625
4.310000 0.000911 3.566873 -504.264008 256770.781250
4.300000 0.000572 3.885355 -505.338013 257930.968750
4.290000 0.001191 3.509402 -508.290009 260983.203125
4.280000 0.000527 3.675226 -510.622009 263339.187500
4.270000 0.004893 3.815469 -510.742004 263610.812500
4.260000 -0.004936 3.790641 -512.385986 265265.656250
4.250000 -0.001958 3.854549 -516.507996 269429.156250
4.240000 0.001956 4.175897 -517.835999 270891.187500
4.230000 -0.000701 3.738641 -515.783997 268755.906250
4.220000 0.000204 3.859002 -520.794006 274067.281250
4.210000 0.002324 3.766441 -517.971985 270910.781250
4.200000 0.002494 3.800484 -522.856018 276047.531250
4.190000 -0.003426 4.062371 -523.953979 277360.625000
4.180000 -0.000877 3.683707 -524.648010 277900.562500
4.170000 0.000881 4.078715 -527.406006 280844.312500
4.160000 0.001484 4.016222 -527.364014 280750.093750
4.150000 0.004365 4.104410 -530.150024 283731.250000
4.140000 0.001832 4.151399 -531.056030 284768.218750
4.130000 -0.003738 3.853203 -535.682007 289659.437500
4.120000 0.003377 3.868488 -534.976013 288962.312500
4.110000 -0.001488 3.735852 -536.052002 290012.062500
4.100000 0.001844 4.136082 -537.776001 291934.125000
4.090000 -0.000627 4.227129 -540.547974 295008.937500
4.080000 0.003159 3.906611 -541.541992 295963.312500
4.070000 0.001880 4.715022 -544.687988 299452.312500
4.060000 0.000167 4.079877 -546.021973 300953.281250
4.050000 0.000124 4.124475 -545.356018 300162.375000
4.040000 0.001966 4.229697 -545.926025 300799.093750
4.030000 -0.000479 4.303980 -548.892029 304201.250000
4.020000 0.000517 4.364361 -551.547974 307097.468750
4.010000 -0.003002 4.265352 -553.479980 309094.187500
4.000000 0.003735 4.196115 -553.463989 309121.875000
3.990000 -0.000743 4.177576 -558.179993 314446.906250
3.980000 0.002838 4.529352 -555.226013 310921.625000
3.970000 0.002094 4.702258 -560.473999 316949.687500
3.960000 -0.001583 3.881018 -562.168030 318940.343750
3.950000 0.000040 4.675135 -565.101990 322154.062500
3.940000 -0.002549 4.179707 -566.075989 323165.156250
3.930000 0.001865 4.406731 -568.573975 326195.875000
3.920000 0.006647 4.599319 -567.909973 325332.718750
3.910000 0.001925 4.267537 -568.685974 326263.375000
3.900000 0.000529 4.664649 -573.739990 332136.937500
3.890000 0.003021 4.896939 -573.148010 331672.093750
3.880000 0.001088 4.906176 -578.780029 337802.562500
3.870000 -0.000047 4.827352 -578.989990 338237.468750
3.860000 0.003958 4.471354 -580.664001 340058.375000
3.850000 -0.002994 5.083774 -583.671997 343521.093750
3.840000 0.000271 5.002920 -584.127991 344027.656250
3.830000 -0.002563 5.250433 -583.960022 343774.343750
3.820000 -0.001981 4.648502 -586.583984 347048.312500
3.810000 -0.002026 4.714330 -587.799988 348237.093750
3.800000 0.002131 4.406453 -595.544006 357503.593750
3.790000 0.005500 4.974453 -597.062012 359421.812500
3.780000 0.005065 5.460920 -596.591980 358801.843750
3.770000 0.002230 4.966797 -593.057983 354776.156250
3.760000 -0.002789 4.754945 -600.072021 363027.843750
3.750000 0.001676 5.003844 -601.349976 364527.156250
3.740000 -0.001463 4.899332 -604.497986 368118.250000
3.730000 0.000637 5.216883 -605.349976 369367.437500
3.720000 -0.002265 5.597881 -608.268005 372933.843750
3.710000 0.001999 5.296994 -609.927979 374963.656250
3.700000 -0.004312 5.230680 -611.343994 376812.843750
3.690000 -0.005040 5.690592 -615.591980 381927.000000
3.680000 0.002186 5.347692 -617.734009 384575.000000
3.670000 -0.001824 5.439074 -620.247986 387920.625000
3.660000 -0.002211 5.132641 -620.820007 388497.062500
3.650000 -0.000387 5.450848 -621.562012 389487.187500
3.640000 -0.002093 5.462928 -624.703979 393324.281250
3.630000 0.006967 5.797566 -628.317993 397701.906250
3.620000 -0.006819 5.532096 -631.288025 401533.281250
3.610000 0.000316 5.788731 -634.320007 405491.500000
3.600000 -0.002061 5.733133 -634.823975 406081.812500
3.590000 -0.001775 5.721875 -637.452026 409357.562500
3.580000 -0.003749 5.400736 -639.557983 412108.062500
3.570000 0.005871 5.724633 -643.747986 417583.187500
3.560000 0.002494 5.491270 -645.390015 419490.250000
3.550000 -0.003276 6.011518 -646.942017 421598.750000
3.540000 0.012609 6.177258 -650.239990 425875.531250
3.530000 0.006698 5.948143 -651.479980 427523.937500
3.520000 0.002800 5.879642 -651.804016 427895.187500
3.510000 0.006402 6.835481 -657.658020 435656.437500
3.500000 0.008175 6.387076 -660.536011 439518.343750
3.490000 -0.000820 6.182137 -661.840027 441082.468750
3.480000 0.014776 6.382686 -664.968018 445235.937500
3.470000 0.001161 6.208651 -668.130005 449547.750000
3.460000 0.003486 6.604211 -673.547974 456934.031250
3.450000 0.002309 6.298605 -671.223999 453691.281250
3.440000 -0.001561 6.387918 -676.133972 460296.218750
3.430000 0.003547 6.921691 -677.869995 462628.906250
3.420000 -0.006048 6.128373 -679.900024 465523.812500
3.410000 -0.001419 6.128150 -679.286011 464600.531250
3.400000 -0.007073 7.172959 -686.349976 474425.312500
3.390000 -0.002943 6.107821 -686.432007 474472.281250
3.380000 -0.007662 7.642664 -691.116028 480710.343750
3.370000 0.003413 7.175541 -697.346008 489582.562500
3.360000 0.001630 6.514467 -701.132019 494756.343750
3.350000 -0.002767 6.774986 -700.458008 493904.593750
3.340000 0.004271 7.582856 -703.702026 498656.718750
3.330000 -0.004418 7.031977 -701.947998 496004.875000
3.320000 -0.001471 7.581910 -709.210022 506289.625000
3.310000 0.007150 7.656035 -709.986023 507401.968750
3.300000 -0.000701 7.673238 -717.997986 518747.000000
3.290000 0.003272 7.325744 -716.142029 516133.968750
3.280000 -0.014356 8.691138 -724.458008 528159.375000
3.270000 0.004157 7.340506 -719.968018 521725.625000
3.260000 0.001245 7.870873 -726.104004 530597.875000
3.250000 0.010587 8.350197 -732.096008 539351.062500
3.240000 -0.004602 8.103609 -735.392029 544260.062500
3.230000 0.008708 8.651205 -737.418030 547342.750000
3.220000 0.011253 8.283443 -739.184021 549739.437500
3.210000 -0.009950 8.241865 -741.445984 553062.000000
3.200000 0.004187 9.387162 -745.359985 558917.875000
3.190000 -0.006500 7.808180 -747.174011 561613.937500
3.180000 0.001917 8.628444 -751.809998 568610.062500
3.170000 -0.004342 8.610782 -755.469971 574091.625000
3.160000 -0.003093 9.077041 -761.059998 582445.437500
3.150000 -0.001828 8.944887 -760.263977 581309.437500
3.140000 -0.004188 9.146650 -771.309998 598487.062500
3.130000 -0.004227 9.287484 -770.348022 596753.250000
3.120000 0.008120 8.542045 -770.632019 597327.562500
3.110000 -0.009743 9.608939 -779.953979 611722.312500
3.100000 0.008370 8.995826 -782.325989 615471.125000
3.090000 -0.012605 9.746398 -786.877991 622777.375000
3.080000 -0.001041 9.537051 -790.335999 628169.187500
3.070000 -0.006429 10.418077 -795.807983 637110.625000
3.060000 0.011011 9.752506 -793.442017 633102.062500
3.050000 0.006787 10.055161 -795.940002 637488.437500
3.040000 0.014814 11.750789 -803.228027 648774.812500
3.030000 0.002835 10.634416 -810.096008 659922.687500
3.020000 0.003753 11.034018 -815.125977 668000.750000
3.010000 0.014655 11.943838 -816.330017 670274.312500
3.000000 0.005737 12.765526 -821.271973 678062.750000
2.990000 -0.011202 11.251908 -824.898010 684006.875000
2.980000 -0.000153 11.808283 -829.416016 691679.750000
2.970000 0.001199 11.638090 -832.866028 697446.187500
2.960000 0.001423 12.609252 -836.585999 703782.625000
2.950000 0.001937 13.255028 -838.289978 706368.250000
2.940000 -0.010086 12.740145 -846.533997 720391.750000
2.930000 0.012407 15.600772 -853.973999 733093.000000
2.920000 0.004650 13.955613 -853.770020 732649.187500
2.910000 -0.000427 15.503599 -858.823975 741378.687500
2.900000 -0.000896 13.892385 -866.073975 753894.250000
2.890000 0.022146 15.506389 -865.331970 752503.875000
2.880000 -0.017613 14.394824 -876.815979 772563.187500
2.870000 0.006512 17.744841 -884.030029 785340.062500
2.860000 -0.007958 17.086733 -883.385986 784436.500000
2.850000 -0.015461 15.418172 -890.033997 796061.187500
2.840000 0.009665 15.172912 -893.151978 801765.937500
2.830000 0.006357 16.356340 -899.760010 813516.375000
2.820000 -0.010999 15.632920 -904.950012 823459.687500
2.810000 -0.014491 17.499260 -907.590027 828040.062500
2.800000 0.023578 19.805817 -911.823975 835675.625000
2.790000 0.008494 20.903715 -919.659973 849749.062500
2.780000 0.005418 19.321074 -924.125977 858347.375000
2.770000 -0.018153 19.449970 -931.697998 872264.437500
2.760000 0.003340 17.101200 -937.627991 883424.625000
2.750000 -0.026501 20.110327 -940.250000 888485.812500
2.740000 0.005945 15.918371 -941.453979 890829.625000
2.730000 -0.016581 22.960249 -953.521973 913545.750000
2.720000 -0.020650 23.174692 -956.841980 919613.562500
2.710000 -0.000431 18.555826 -964.239990 933791.250000
2.700000 0.011613 28.619984 -970.107971 945876.125000
2.690000 -0.035040 26.093287 -976.940002 958802.312500
2.680000 0.001111 21.922941 -979.304016 963439.875000
2.670000 -0.010474 31.001829 -993.185974 990930.312500
2.660000 0.005944 26.675083 -998.349976 1001156.812500
2.650000 -0.013214 28.187346 -998.357971 1001393.812500
2.640000 -0.073429 24.656275 -1007.362000 1019384.750000
2.630000 0.004472 29.065037 -1010.124023 1024841.500000
2.620000 0.032151 27.508451 -1016.763977 1038650.812500
2.610000 -0.018640 35.750313 -1036.439941 1079222.375000
2.600000 0.055759 42.750820 -1044.187988 1095283.875000
2.590000 0.031271 43.323189 -1043.741943 1094840.625000
2.580000 -0.040819 39.641205 -1048.504028 1104553.625000
2.570000 0.010373 45.446602 -1058.167969 1124980.125000
2.560000 0.050892 51.061687 -1065.212036 1140714.875000
2.550000 -0.040688 39.866470 -1072.160034 1154900.500000
2.540000 -0.036584 43.943703 -1088.790039 1190292.500000
2.530000 -0.079641 52.477188 -1097.595947 1210528.000000
2.520000 -0.008933 70.834114 -1102.446045 1221266.375000
2.510000 0.070680 52.690392 -1115.037964 1248737.625000
2.500000 -0.004413 63.618977 -1114.495972 1247474.125000
2.490000 0.015340 40.381523 -1115.485962 1249018.875000
2.480000 -0.137705 87.001526 -1140.869995 1308007.250000
2.470000 -0.008386 50.859688 -1134.667969 1292994.750000
2.460000 -0.073128 101.482353 -1158.819946 1349767.625000
2.450000 0.019425 68.419884 -1167.365967 1368551.125000
2.440000 0.168026 76.714897 -1166.515991 1366967.500000
2.430000 -0.220829 127.508118 -1200.005981 1446664.750000
2.420000 0.076954 78.960815 -1179.569946 1398038.500000
2.410000 0.016371 154.068649 -1217.612061 1490794.250000
2.400000 -0.080058 140.186935 -1227.995972 1514840.250000
2.390000 -0.093564 122.337303 -1233.991943 1530046.750000
2.380000 -0.123919 181.657410 -1253.553955 1581214.750000
2.370000 -0.173716 173.803406 -1263.322021 1603416.125000
2.360000 -0.395703 237.435379 -1298.784058 1697619.125000
2.350000 -0.478473 263.623444 -1304.988037 1711316.875000
2.340000 -0.362439 244.547455 -1309.845947 1726140.750000
2.330000 -0.153962 324.619934 -1347.241943 1825194.500000
2.320000 0.531392 345.274597 -1364.750000 1871056.375000
2.310000 0.568807 362.492615 -1380.050049 1914476.750000
2.300000 0.534968 346.391144 -1380.056030 1913852.875000
2.290000 0.648582 453.465454 -1431.244019 2057797.250000
2.280000 0.607061 415.140717 -1423.599976 2036279.875000
2.270000 0.269603 465.902313 -1452.729980 2121171.250000
2.260000 -0.668294 493.740112 -1470.167969 2171906.000000
2.250000 -0.665817 495.182922 -1480.495972 2202543.500000
2.240000 -0.741742 571.579285 -1510.947998 2289659.500000
2.230000 -0.743635 579.554443 -1518.826050 2315003.500000
2.220000 -0.766162 607.613892 -1536.076050 2366059.000000
2.210000 -0.759311 600.961487 -1544.250000 2391471.250000
2.200000 -0.769687 616.015564 -1556.297974 2429655.750000
2.190000 -0.775397 627.418091 -1573.557983 2483199.250000
2.180000 -0.811874 679.480103 -1596.958008 2556045.250000
2.170000 -0.811885 683.917114 -1607.732056 2591458.250000
2.160000 -0.822817 698.006104 -1620.936035 2633249.750000
2.150000 -0.838161 721.825562 -1631.761963 2667433.500000
2.140000 -0.854527 749.769287 -1654.446045 2741811.000000
2.130000 -0.864368 766.549500 -1668.614014 2788876.500000
2.120000 -0.834594 719.292908 -1652.874023 2737845.250000
2.110000 -0.869871 776.278870 -1680.916016 2829775.250000
2.100000 -0.862052 763.274536 -1680.881958 2829463.500000
2.090000 -0.874170 784.333069 -1696.952026 2883581.750000
2.080000 -0.876558 788.642578 -1703.452026 2905812.500000
2.070000 -0.885452 804.508789 -1717.531982 2953707.750000
2.060000 -0.890592 813.245972 -1725.832031 2981839.750000
2.050000 -0.895485 822.126526 -1734.644043 3012472.750000
2.040000 -0.898365 827.393982 -1742.982056 3041284.750000
2.030000 -0.903807 837.323853 -1752.829956 3075822.750000
2.020000 -0.904587 838.662903 -1754.066040 3079709.750000
2.010000 -0.908381 845.736694 -1763.802002 3114126.750000
2.000000 -0.913365 855.000427 -1775.352051 3154770.250000
1.990000 -0.914616 857.233154 -1779.089966 3167892.000000
1.980000 -0.921313 869.692871 -1792.780029 3216600.000000
1.970000 -0.922705 872.395996 -1796.728027 3230919.750000
1.960000 -0.920379 868.098999 -1795.485962 3226470.500000
1.950000 -0.927451 881.297668 -1808.515991 3273205.250000
1.940000 -0.930277 886.616760 -1814.848022 3295975.000000
1.930000 -0.929323 884.833618 -1815.739990 3299312.750000
1.920000 -0.934389 894.512878 -1827.433960 3341746.500000
1.910000 -0.936108 897.742126 -1830.920044 3354397.750000
1.900000 -0.938881 902.997803 -1837.942017 3379979.250000
1.890000 -0.941191 907.434753 -1843.732056 3401346.000000
1.880000 -0.941498 908.060486 -1845.531982 3408059.750000
1.870000 -0.944111 913.089355 -1853.037964 3435720.500000
1.860000 -0.946541 917.742004 -1860.069946 3461634.500000
1.850000 -0.948012 920.562805 -1862.952026 3472290.750000
1.840000 -0.949956 924.353760 -1869.459961 3496561.000000
1.830000 -0.950351 925.118103 -1870.887939 3501922.000000
1.820000 -0.953614 931.427124 -1879.160034 3532745.750000
1.810000 -0.955126 934.388123 -1883.036011 3547404.750000
1.800000 -0.956913 937.862610 -1887.937988 3565796.000000
1.790000 -0.959154 942.240356 -1894.280029 3589733.500000
1.780000 -0.959478 942.878357 -1895.723999 3595150.750000
1.770000 -0.961207 946.255188 -1900.802002 3614275.750000
1.760000 -0.962659 949.113464 -1905.147949 3630833.750000
1.750000 -0.964336 952.410889 -1909.916016 3648958.000000
1.740000 -0.964669 953.069214 -1911.208008 3653908.750000
1.730000 -0.966032 955.758667 -1915.531982 3670390.000000
1.720000 -0.968140 959.903015 -1921.001953 3691254.750000
1.710000 -0.968980 961.574890 -1923.404053 3700557.750000
1.700000 -0.969972 963.533508 -1927.043945 3714480.750000
1.690000 -0.970876 965.336975 -1930.452026 3727639.250000
1.680000 -0.972558 968.667175 -1935.166016 3745770.500000
1.670000 -0.972820 969.199097 -1936.656006 3751588.500000
1.660000 -0.973600 970.747192 -1939.223999 3761475.500000
1.650000 -0.974945 973.424072 -1943.452026 3777838.000000
1.640000 -0.976413 976.346436 -1947.771973 3794596.250000
1.630000 -0.977499 978.515747 -1951.119995 3807633.000000
1.620000 -0.977912 979.344543 -1952.958008 3814823.500000
1.610000 -0.979072 981.665894 -1957.004028 3830594.500000
1.600000 -0.979668 982.859436 -1958.583984 3836724.500000
1.590000 -0.980546 984.615234 -1961.614014 3848595.750000
1.580000 -0.981633 986.789978 -1964.978027 3861744.250000
1.570000 -0.982174 987.877075 -1966.748047 3868695.500000
1.560000 -0.982390 988.312012 -1967.521973 3871702.250000
1.550000 -0.983373 990.287659 -1971.219971 3886251.000000
1.540000 -0.983659 990.860840 -1972.167969 3889960.500000
1.530000 -0.984663 992.883789 -1975.670044 3903783.250000
1.520000 -0.985364 994.295532 -1978.137939 3913529.000000
1.510000 -0.985727 995.023621 -1979.202026 3917709.500000
1.500000 -0.986396 996.374023 -1981.612061 3927221.000000
1.490000 -0.987318 998.233826 -1985.001953 3940650.750000
1.480000 -0.987955 999.519287 -1986.949951 3948369.000000
1.470000 -0.988037 999.686890 -1987.654053 3951158.750000
1.460000 -0.989137 1001.905945 -1991.063965 3964690.500000
1.450000 -0.989576 1002.794495 -1992.709961 3971229.750000
1.440000 -0.990153 1003.961975 -1994.750000 3979336.750000
1.430000 -0.990099 1003.850342 -1994.687988 3979092.500000
1.420000 -0.990604 1004.875061 -1996.456055 3986156.250000
1.410000 -0.990932 1005.537598 -1997.822021 3991597.750000
1.400000 -0.991129 1005.935364 -1998.349976 3993680.250000
1.390000 -0.991707 1007.109070 -2000.621948 4002759.750000
1.380000 -0.992133 1007.970703 -2002.062012 4008502.750000
1.370000 -0.992553 1008.821655 -2003.663940 4014888.250000
1.360000 -0.992880 1009.485962 -2004.605957 4018671.250000
1.350000 -0.993459 1010.660889 -2006.793945 4027425.750000
1.340000 -0.993534 1010.813110 -2007.222046 4029130.250000
1.330000 -0.993822 1011.399902 -2008.329956 4033577.500000
1.320000 -0.994373 1012.517517 -2010.199951 4041075.750000
1.310000 -0.994531 1012.839905 -2010.822021 4043572.500000
1.300000 -0.994704 1013.189392 -2011.482056 4046212.000000
1.290000 -0.994918 1013.625732 -2012.342041 4049673.750000
1.280000 -0.995213 1014.226257 -2013.446045 4054110.750000
1.270000 -0.995642 1015.097778 -2015.102051 4060767.000000
1.260000 -0.995708 1015.233521 -2015.338013 4061717.500000
1.250000 -0.996079 1015.988708 -2016.673950 4067077.500000
1.240000 -0.996170 1016.174255 -2017.086060 4068746.000000
1.230000 -0.996451 1016.747498 -2018.192017 4073192.250000
1.220000 -0.996662 1017.176636 -2018.843994 4075819.500000
1.210000 -0.996801 1017.460144 -2019.494019 4078438.000000
1.200000 -0.996992 1017.850098 -2020.171997 4081170.000000
1.190000 -0.997196 1018.267639 -2021.027954 4084620.500000
1.180000 -0.997227 1018.328735 -2021.176025 4085215.500000
1.170000 -0.997455 1018.794617 -2022.001953 4088546.250000
1.160000 -0.997558 1019.004517 -2022.332031 4089883.250000
1.150000 -0.997797 1019.493164 -2023.286011 4093723.750000
1.140000 -0.997926 1019.756653 -2023.797974 4095793.500000
1.130000 -0.998105 1020.123901 -2024.472046 4098508.750000
1.120000 -0.998282 1020.484375 -2025.151978 4101255.750000
1.110000 -0.998338 1020.598267 -2025.369995 4102131.750000
1.100000 -0.998479 1020.888123 -2025.942017 4104449.000000
1.090000 -0.998529 1020.990112 -2026.196045 4105470.500000
1.080000 -0.998655 1021.247131 -2026.628052 4107215.500000
1.070000 -0.998813 1021.571350 -2027.258057 4109758.000000
1.060000 -0.998897 1021.742859 -2027.582031 4111069.500000
1.050000 -0.998924 1021.796753 -2027.697998 4111539.500000
1.040000 -0.998971 1021.893127 -2027.890015 4112316.750000
1.030000 -0.998980 1021.913025 -2027.942017 4112525.250000
1.020000 -0.999208 1022.378601 -2028.812012 4116038.750000
1.010000 -0.999215 1022.392639 -2028.843994 4116171.500000
