6.000000 0.000497 0.753947 -242081.718750 77145636864.000000
5.990000 0.000231 0.753154 -720206.750000 537282347008.000000
5.980000 -0.000074 0.732160 -1195267.750000 1447095173120.000000
5.970000 -0.000131 0.707859 -1670947.500000 2810513195008.000000
5.960000 -0.000584 0.744953 -2145701.250000 4622525661184.000000
5.950000 0.001142 0.688111 -2620173.750000 6883630383104.000000
5.940000 -0.000471 0.720145 -3093227.000000 9586306187264.000000
5.930000 0.001004 0.737473 -3567839.250000 12747987222528.000000
5.920000 -0.000737 0.687381 -4043102.250000 16365031260160.000000
5.910000 0.000021 0.663680 -4517218.000000 20423808909312.000000
5.900000 -0.001039 0.688168 -4993582.500000 24954273792000.000000
5.890000 -0.000395 0.703270 -5469215.000000 29930735796224.000000
5.880000 0.001029 0.654688 -5941486.000000 35319445454848.000000
5.870000 -0.001053 0.695629 -6415110.500000 41171908820992.000000
5.860000 0.000036 0.651252 -6886523.500000 47442313609216.000000
5.850000 0.000684 0.654023 -7358349.500000 54163673186304.000000
5.840000 0.000006 0.691668 -7829885.000000 61325187219456.000000
5.830000 0.000145 0.641805 -8301174.000000 68927606489088.000000
5.820000 0.000077 0.702443 -8771166.000000 76951368761344.000000
5.810000 0.000007 0.676467 -9240569.000000 85406129324032.000000
5.800000 -0.000535 0.681055 -9709873.000000 94299807023104.000000
5.790000 -0.000149 0.671561 -10179009.000000 103630380204032.000000
5.780000 -0.000941 0.663668 -10646760.000000 113371424751616.000000
5.770000 0.000183 0.648467 -11113584.000000 123529542500352.000000
5.760000 0.000108 0.640604 -11580752.000000 134131786711040.000000
5.750000 -0.000597 0.629682 -12047082.000000 145150181376000.000000
5.740000 -0.000998 0.686406 -12514424.000000 156628867350528.000000
5.730000 -0.000709 0.651605 -12982639.000000 168566762504192.000000
5.720000 0.000387 0.677098 -13450461.000000 180932677992448.000000
5.710000 0.000920 0.647348 -13914637.000000 193634506899456.000000
5.700000 -0.000548 0.654408 -14379131.000000 206777140379648.000000
5.690000 -0.000891 0.643902 -14844427.000000 220374688071680.000000
5.680000 0.000513 0.645006 -15309021.000000 234383411773440.000000
5.670000 0.000000 0.680492 -15769997.000000 248709694619648.000000
5.660000 -0.000770 0.636730 -16231378.000000 263475070763008.000000
5.650000 -0.000040 0.681068 -16694731.000000 278731650236416.000000
5.640000 -0.000602 0.628980 -17157286.000000 294390044033024.000000
5.630000 -0.001103 0.662451 -17620872.000000 310512881500160.000000
5.620000 0.000163 0.646920 -18083096.000000 327015924236288.000000
5.610000 -0.000415 0.641412 -18544640.000000 343921787928576.000000
5.600000 0.000153 0.590131 -19005614.000000 361230472577024.000000
5.590000 0.000100 0.597469 -19465302.000000 378915235299328.000000
5.580000 -0.000566 0.587926 -19923188.000000 396949870084096.000000
5.570000 -0.000122 0.619853 -20382016.000000 415443563053056.000000
5.560000 0.000045 0.589227 -20841290.000000 434375476903936.000000
5.550000 0.000364 0.616295 -21296266.000000 453547908923392.000000
5.540000 0.001050 0.607314 -21754194.000000 473262312128512.000000
5.530000 0.000716 0.610885 -22212284.000000 493402789511168.000000
5.520000 -0.000675 0.620549 -22669942.000000 513943403495424.000000
5.510000 0.000272 0.581756 -23125236.000000 534793288679424.000000
5.500000 0.000785 0.579789 -23579678.000000 556017641324544.000000
5.490000 0.000238 0.581738 -24034892.000000 577693099753472.000000
5.480000 -0.000167 0.626596 -24490530.000000 599802853195776.000000
5.470000 0.000271 0.595572 -24942986.000000 622169633587200.000000
5.460000 -0.000021 0.555650 -25394506.000000 644897593884672.000000
5.450000 0.000005 0.577295 -25844838.000000 667971970138112.000000
5.440000 -0.000012 0.573656 -26295654.000000 691478460366848.000000
5.430000 0.001165 0.616686 -26748134.000000 715480079794176.000000
5.420000 -0.000186 0.599484 -27198056.000000 739750939983872.000000
5.410000 -0.000237 0.584623 -27649056.000000 764486931709952.000000
5.400000 0.000628 0.557803 -28097612.000000 789492902395904.000000
5.390000 -0.001030 0.545873 -28546634.000000 814927631613952.000000
5.380000 0.000536 0.553869 -28994078.000000 840671061606400.000000
5.370000 0.000966 0.563061 -29440654.000000 866768222420992.000000
5.360000 0.000385 0.526828 -29885800.000000 893174822207488.000000
5.350000 -0.000210 0.561943 -30329268.000000 919882472357888.000000
5.340000 0.000157 0.574490 -30773326.000000 947012908351488.000000
5.330000 -0.000348 0.520855 -31216330.000000 974477345161216.000000
5.320000 0.000212 0.522424 -31660234.000000 1002385438670848.000000
5.310000 0.000233 0.533439 -32102000.000000 1030552706613248.000000
5.300000 -0.000037 0.525633 -32544026.000000 1059130345259008.000000
5.290000 0.000059 0.533184 -32982936.000000 1087889379164160.000000
5.280000 -0.001081 0.506518 -33421474.000000 1117009727193088.000000
5.270000 -0.001890 0.540240 -33862320.000000 1146672784605184.000000
5.260000 0.000435 0.503561 -34302908.000000 1176705209204736.000000
5.250000 0.000944 0.518221 -34741608.000000 1206996137148416.000000
5.240000 0.000157 0.547291 -35182188.000000 1237801521643520.000000
5.230000 -0.000215 0.515633 -35619900.000000 1268793334562816.000000
5.220000 0.000860 0.495385 -36057988.000000 1300193840463872.000000
5.210000 0.000491 0.515404 -36493804.000000 1331812852826112.000000
5.200000 0.000603 0.519271 -36928700.000000 1363744189841408.000000
5.190000 -0.000530 0.516111 -37362960.000000 1396007447298048.000000
5.180000 -0.000426 0.513379 -37798368.000000 1428731474214912.000000
5.170000 0.000731 0.512396 -38234168.000000 1461866073161728.000000
5.160000 -0.001104 0.513371 -38668024.000000 1495231660818432.000000
5.150000 -0.000945 0.522145 -39103268.000000 1529080432295936.000000
5.140000 0.001375 0.504570 -39536776.000000 1563171600990208.000000
5.130000 0.000798 0.490506 -39966444.000000 1597334039298048.000000
5.120000 -0.000070 0.485949 -40396264.000000 1631871616155648.000000
5.110000 0.000252 0.482172 -40824120.000000 1666622733418496.000000
5.100000 -0.000068 0.490109 -41251600.000000 1701710871396352.000000
5.090000 -0.000602 0.468328 -41679620.000000 1737205957525504.000000
5.080000 -0.000597 0.508826 -42108352.000000 1773128124465152.000000
5.070000 0.000428 0.438809 -42535008.000000 1809240477925376.000000
5.060000 0.000219 0.451375 -42958912.000000 1845483693670400.000000
5.050000 -0.000861 0.481785 -43383240.000000 1882120167358464.000000
5.040000 -0.000094 0.481801 -43808588.000000 1919207344177152.000000
5.030000 0.000439 0.492879 -44234212.000000 1956679591657472.000000
5.020000 0.001254 0.490098 -44657356.000000 1994293841494016.000000
5.010000 0.000703 0.456473 -45081248.000000 2032332085133312.000000
5.000000 -0.000526 0.459826 -45501956.000000 2070437571854336.000000
4.990000 0.000428 0.457648 -45923064.000000 2108937792913408.000000
4.980000 0.000385 0.420426 -46341252.000000 2147527805632512.000000
4.970000 -0.000510 0.468090 -46762404.000000 2186736562077696.000000
4.960000 0.001206 0.443494 -47181920.000000 2226145034502144.000000
4.950000 0.001328 0.453484 -47602304.000000 2265996291211264.000000
4.940000 0.000187 0.447396 -48017028.000000 2305649308336128.000000
4.930000 -0.000397 0.449365 -48431924.000000 2345665518632960.000000
4.920000 0.000578 0.448156 -48844228.000000 2385771117936640.000000
4.910000 -0.000140 0.447318 -49258152.000000 2426380839026688.000000
4.900000 -0.000115 0.421566 -49670260.000000 2467150279213056.000000
4.890000 0.000168 0.427500 -50082380.000000 2508257679638528.000000
4.880000 -0.000523 0.461980 -50491496.000000 2549402124156928.000000
4.870000 0.000100 0.433844 -50902524.000000 2591075923394560.000000
4.860000 -0.000414 0.420914 -51313052.000000 2633044464762880.000000
4.850000 0.000050 0.418896 -51719452.000000 2674912879706112.000000
4.840000 0.000306 0.427615 -52127948.000000 2717338835091456.000000
4.830000 -0.000074 0.406930 -52534424.000000 2759878875545600.000000
4.820000 -0.000545 0.430816 -52940800.000000 2802741575417856.000000
4.810000 0.000598 0.419641 -53346532.000000 2845867878907904.000000
4.800000 0.000036 0.418604 -53751252.000000 2889207857020928.000000
4.790000 -0.000365 0.384664 -54155016.000000 2932776273707008.000000
4.780000 0.000334 0.402508 -54559124.000000 2976712446967808.000000
4.770000 -0.000408 0.409219 -54963024.000000 3020947120455680.000000
4.760000 0.000400 0.416137 -55365108.000000 3065303663640576.000000
4.750000 0.000215 0.410562 -55765804.000000 3109836032049152.000000
4.740000 -0.000089 0.387635 -56166568.000000 3154698307633152.000000
4.730000 0.000405 0.410572 -56562512.000000 3199333755256832.000000
4.720000 0.000461 0.396035 -56961340.000000 3244609689878528.000000
4.710000 0.000236 0.400523 -57358708.000000 3290032458694656.000000
4.700000 0.000656 0.393746 -57753908.000000 3335522604810240.000000
4.690000 0.000304 0.404928 -58148216.000000 3381230720516096.000000
4.680000 -0.000820 0.381191 -58541696.000000 3427138820636672.000000
4.670000 0.000364 0.371982 -58936044.000000 3473469438164992.000000
4.660000 -0.000002 0.393305 -59328288.000000 3519856158703616.000000
4.650000 -0.000127 0.389387 -59718364.000000 3566297103204352.000000
4.640000 0.001094 0.372316 -60109308.000000 3613139358711808.000000
4.630000 -0.000121 0.372742 -60497672.000000 3659984835444736.000000
4.620000 0.000152 0.371348 -60888192.000000 3707385436700672.000000
4.610000 0.000360 0.372893 -61275360.000000 3754681884999680.000000
4.600000 -0.000186 0.394930 -61661280.000000 3802122483138560.000000
4.590000 0.000044 0.359314 -62045976.000000 3849710183907328.000000
4.580000 0.000046 0.389264 -62429112.000000 3897403916681216.000000
4.570000 -0.000426 0.376590 -62811820.000000 3945334409527296.000000
4.560000 0.000340 0.348039 -63193852.000000 3993480187609088.000000
4.550000 0.000623 0.360117 -63575616.000000 4041873463181312.000000
4.540000 -0.000725 0.375910 -63955580.000000 4090327136731136.000000
4.530000 0.000141 0.352352 -64334640.000000 4138961467342848.000000
4.520000 0.000491 0.363244 -64716660.000000 4188252391079936.000000
4.510000 0.000511 0.349049 -65093356.000000 4237158915244032.000000
4.500000 0.000610 0.359709 -65468760.000000 4286172813590528.000000
4.490000 -0.000099 0.356268 -65844952.000000 4335570843074560.000000
4.480000 -0.000331 0.348018 -66220308.000000 4385137986895872.000000
4.470000 -0.000342 0.341805 -66594224.000000 4434803378094080.000000
4.460000 -0.000030 0.341814 -66968888.000000 4484841626140672.000000
4.450000 0.000138 0.332221 -67343976.000000 4535221324087296.000000
4.440000 -0.000475 0.335305 -67712984.000000 4585063882686464.000000
4.430000 -0.000185 0.349498 -68083848.000000 4635421300490240.000000
4.420000 -0.000424 0.341551 -68451632.000000 4685632152535040.000000
4.410000 0.000750 0.342090 -68822928.000000 4736612877467648.000000
4.400000 0.000216 0.329568 -69193776.000000 4787798150217728.000000
4.390000 -0.000058 0.317342 -69563408.000000 4839065027346432.000000
4.380000 -0.000701 0.346539 -69930576.000000 4890306671542272.000000
4.370000 -0.000486 0.314145 -70301264.000000 4942277386436608.000000
4.360000 -0.000588 0.330742 -70667064.000000 4993852427468800.000000
4.350000 -0.000315 0.327654 -71035848.000000 5046106610204672.000000
4.340000 0.000319 0.314982 -71398328.000000 5097734264586240.000000
4.330000 0.000470 0.310080 -71763680.000000 5150031933865984.000000
4.320000 -0.000420 0.317852 -72129944.000000 5202745141231616.000000
4.310000 -0.000334 0.325449 -72495976.000000 5255677928800256.000000
4.300000 0.000015 0.308740 -72860520.000000 5308667624685568.000000
4.290000 -0.000140 0.321510 -73219488.000000 5361095753596928.000000
4.280000 0.000476 0.327271 -73579440.000000 5413929220046848.000000
4.270000 -0.000097 0.313271 -73944952.000000 5467869177446400.000000
4.260000 0.000189 0.306348 -74310104.000000 5522014219534336.000000
4.250000 0.000007 0.306510 -74672040.000000 5575933775839232.000000
4.240000 0.000450 0.291744 -75034832.000000 5630251153489920.000000
4.230000 -0.000018 0.326551 -75392088.000000 5683978510008320.000000
4.220000 -0.000702 0.306244 -75745600.000000 5737402534461440.000000
4.210000 0.000072 0.289574 -76100032.000000 5791229212098560.000000
4.200000 -0.000137 0.300996 -76452968.000000 5845062869057536.000000
4.190000 -0.000925 0.308588 -76803296.000000 5898759087063040.000000
4.180000 -0.000170 0.288516 -77156112.000000 5953064116682752.000000
4.170000 0.000211 0.294047 -77507304.000000 6007400284815360.000000
4.160000 -0.000837 0.295611 -77860096.000000 6062197625061376.000000
4.150000 0.000022 0.283518 -78211008.000000 6116963289923584.000000
4.140000 -0.000864 0.288951 -78561672.000000 6171950145601536.000000
4.130000 0.000530 0.298158 -78912264.000000 6227157655224320.000000
4.120000 0.000119 0.308891 -79260864.000000 6282281412984832.000000
4.110000 -0.000062 0.282588 -79604760.000000 6336931113730048.000000
4.100000 0.000161 0.279686 -79948816.000000 6391813279580160.000000
4.090000 0.000060 0.282791 -80293240.000000 6447016494235648.000000
4.080000 -0.000394 0.280123 -80638888.000000 6502642226298880.000000
4.070000 0.000475 0.293500 -80982744.000000 6558205144465408.000000
4.060000 -0.000582 0.286738 -81325624.000000 6613863625654272.000000
4.050000 0.000174 0.276258 -81667048.000000 6669514053779456.000000
4.040000 0.000066 0.274133 -82007368.000000 6725217632124928.000000
4.030000 0.000345 0.275475 -82350128.000000 6781554718146560.000000
4.020000 -0.000227 0.259227 -82692408.000000 6838050717958144.000000
4.010000 0.000664 0.267371 -83031680.000000 6894250901897216.000000
4.000000 0.000524 0.267158 -83369832.000000 6950536448311296.000000
3.990000 -0.000604 0.273104 -83707040.000000 7006866018140160.000000
3.980000 0.000352 0.266297 -84041264.000000 7062949164220416.000000
3.970000 0.000117 0.276000 -84377048.000000 7119489724317696.000000
3.960000 0.000183 0.252322 -84711184.000000 7176010957062144.000000
3.950000 -0.000298 0.275818 -85045704.000000 7232775929200640.000000
3.940000 -0.000038 0.266354 -85374008.000000 7288734521229312.000000
3.930000 0.000319 0.264299 -85704632.000000 7345295482421248.000000
3.920000 0.000324 0.258285 -86036640.000000 7402305267695616.000000
3.910000 0.000329 0.253436 -86366496.000000 7459188351434752.000000
3.900000 0.000355 0.253609 -86694912.000000 7516025264275456.000000
3.890000 0.000116 0.247334 -87026776.000000 7573666409742336.000000
3.880000 -0.000500 0.243621 -87350976.000000 7630206969839616.000000
3.870000 -0.000109 0.257492 -87672592.000000 7686483389448192.000000
3.860000 -0.000404 0.248137 -87994760.000000 7743091595280384.000000
3.850000 0.000122 0.236061 -88313256.000000 7799234870902784.000000
3.840000 0.000719 0.249254 -88632720.000000 7855766841065472.000000
3.830000 0.000154 0.248328 -88953904.000000 7912788437499904.000000
3.820000 -0.000050 0.241975 -89276728.000000 7970327577493504.000000
3.810000 0.000079 0.254787 -89599104.000000 8028011135762432.000000
3.800000 -0.000603 0.254377 -89917976.000000 8085251238658048.000000
3.790000 0.000026 0.234596 -90236192.000000 8142564355997696.000000
3.780000 -0.000125 0.238383 -90551960.000000 8199676683616256.000000
3.770000 0.000159 0.234330 -90866600.000000 8256757872721920.000000
3.760000 0.000639 0.228207 -91178368.000000 8313514791796736.000000
3.750000 0.000354 0.225307 -91490304.000000 8370500954750976.000000
3.740000 -0.000029 0.237984 -91797952.000000 8426861663092736.000000
3.730000 -0.000007 0.227646 -92109256.000000 8484111429664768.000000
3.720000 0.000191 0.247324 -92418136.000000 8541122288680960.000000
3.710000 0.000511 0.237463 -92726400.000000 8598198645948416.000000
3.700000 0.000494 0.246117 -93031472.000000 8654859465129984.000000
3.690000 -0.000407 0.228635 -93334984.000000 8711423647547392.000000
3.680000 0.000081 0.205877 -93639264.000000 8768308878770176.000000
3.670000 -0.000063 0.220299 -93941600.000000 8825022848172032.000000
3.660000 0.000415 0.214482 -94242528.000000 8881656823808000.000000
3.650000 0.000410 0.220309 -94545296.000000 8938814248583168.000000
3.640000 0.000146 0.226176 -94847216.000000 8995989390098432.000000
3.630000 0.000133 0.217902 -95147496.000000 9053050178109440.000000
3.620000 0.000083 0.208564 -95445392.000000 9109832866988032.000000
3.610000 -0.000132 0.216721 -95746144.000000 9167331741663232.000000
3.600000 -0.000028 0.205943 -96041088.000000 9223896460951552.000000
3.590000 -0.000242 0.211715 -96335712.000000 9280573923131392.000000
3.580000 -0.000168 0.206652 -96629456.000000 9337252459053056.000000
3.570000 0.000346 0.210938 -96918600.000000 9393235210272768.000000
3.560000 0.000061 0.211000 -97208112.000000 9449425193664512.000000
3.550000 -0.000138 0.209279 -97500600.000000 9506368943816704.000000
3.540000 0.000021 0.207369 -97789184.000000 9562753274478592.000000
3.530000 -0.000445 0.199094 -98078896.000000 9619474760073216.000000
3.520000 0.000237 0.205088 -98367128.000000 9676104977612800.000000
3.510000 -0.000227 0.203844 -98653032.000000 9732414146347008.000000
3.500000 0.000324 0.208277 -98937072.000000 9788572991225856.000000
3.490000 0.000334 0.196883 -99220376.000000 9844702845075456.000000
3.480000 0.000090 0.206426 -99502584.000000 9900763979448320.000000
3.470000 0.000128 0.211354 -99785784.000000 9957188038557696.000000
3.460000 0.000083 0.198799 -100064512.000000 10012888395677696.000000
3.450000 -0.000237 0.193920 -100342920.000000 10068675725885440.000000
3.440000 0.000052 0.193537 -100621104.000000 10124601568788480.000000
3.430000 0.000020 0.189457 -100896680.000000 10180184888049664.000000
3.420000 -0.000089 0.201381 -101169464.000000 10235276433555456.000000
3.410000 -0.000106 0.201447 -101445224.000000 10291126040788992.000000
3.400000 -0.000272 0.187822 -101718328.000000 10346630976897024.000000
3.390000 -0.000021 0.185424 -101988528.000000 10401655950409728.000000
3.380000 0.000119 0.197727 -102259264.000000 10456979424149504.000000
3.370000 -0.000412 0.184660 -102527512.000000 10511864811225088.000000
3.360000 0.000379 0.180551 -102796960.000000 10567230160896000.000000
3.350000 0.000119 0.193184 -103062488.000000 10621909389541376.000000
3.340000 0.000651 0.183248 -103327456.000000 10676585396961280.000000
3.330000 0.000357 0.186535 -103591704.000000 10731231339610112.000000
3.320000 0.000021 0.183971 -103856968.000000 10786253091897344.000000
3.310000 0.000045 0.182352 -104118952.000000 10840741194498048.000000
3.300000 -0.000516 0.178750 -104381424.000000 10895463372816384.000000
3.290000 -0.000541 0.169355 -104641136.000000 10949778602983424.000000
3.280000 -0.000073 0.179291 -104898584.000000 11003716949770240.000000
3.270000 0.000146 0.157375 -105154664.000000 11057486719090688.000000
3.260000 0.000485 0.177139 -105409680.000000 11111240382283776.000000
3.250000 0.000312 0.179109 -105667280.000000 11165570644836352.000000
3.240000 0.000110 0.171662 -105922600.000000 11219599185936384.000000
3.230000 0.000322 0.166852 -106175160.000000 11273116625928192.000000
3.220000 0.000039 0.163727 -106425840.000000 11326465488453632.000000
3.210000 -0.000277 0.160164 -106675480.000000 11379695165636608.000000
3.200000 0.000002 0.168328 -106923024.000000 11432554401890304.000000
3.190000 -0.000141 0.159680 -107172256.000000 11485904338157568.000000
3.180000 -0.000365 0.174492 -107422640.000000 11539616125419520.000000
3.170000 -0.000549 0.167738 -107668576.000000 11592497910251520.000000
3.160000 -0.000310 0.169029 -107913504.000000 11645309901864960.000000
3.150000 -0.000309 0.170980 -108154184.000000 11697352020590592.000000
3.140000 0.000105 0.163941 -108394176.000000 11749299650035712.000000
3.130000 -0.000525 0.152066 -108631600.000000 11800843552555008.000000
3.120000 -0.000006 0.157793 -108868680.000000 11852384233848832.000000
3.110000 -0.000254 0.159785 -109103024.000000 11903462132416512.000000
3.100000 0.000238 0.162598 -109338200.000000 11954854637338624.000000
3.090000 -0.000062 0.149154 -109571544.000000 12005906766102528.000000
3.080000 -0.000676 0.157996 -109803328.000000 12056748441468928.000000
3.070000 0.000105 0.149383 -110034768.000000 12107664205021184.000000
3.060000 -0.000308 0.157303 -110264656.000000 12158300795699200.000000
3.050000 -0.000021 0.153738 -110493248.000000 12208769882652672.000000
3.040000 0.000176 0.148980 -110719616.000000 12258832021454848.000000
3.030000 -0.000051 0.145922 -110946840.000000 12309232388931584.000000
3.020000 0.000138 0.152885 -111172176.000000 12359262315479040.000000
3.010000 -0.000098 0.160730 -111395664.000000 12409024880312320.000000
3.000000 -0.000146 0.157063 -111614696.000000 12457851142275072.000000
2.990000 -0.000185 0.140408 -111836256.000000 12507342050426880.000000
2.980000 0.000000 0.151090 -112055776.000000 12556495803645952.000000
2.970000 0.000170 0.146309 -112273160.000000 12605280189677568.000000
2.960000 -0.000037 0.147113 -112492992.000000 12654656207454208.000000
2.950000 -0.000638 0.152068 -112710416.000000 12703625277079552.000000
2.940000 -0.000404 0.143910 -112924400.000000 12751923258064896.000000
2.930000 -0.000337 0.148111 -113139424.000000 12800545509081088.000000
2.920000 0.000272 0.137072 -113353008.000000 12848914357026816.000000
2.910000 -0.000068 0.140004 -113563376.000000 12896658287230976.000000
2.900000 -0.000324 0.141055 -113773984.000000 12944499927941120.000000
2.890000 0.000731 0.144049 -113982456.000000 12992026962296832.000000
2.880000 -0.000190 0.138127 -114187280.000000 13038773386346496.000000
2.870000 -0.000410 0.134449 -114391352.000000 13085403846279168.000000
2.860000 -0.000266 0.135348 -114596848.000000 13132463802941440.000000
2.850000 0.000350 0.136234 -114799816.000000 13178986888691712.000000
2.840000 0.000214 0.141307 -114999624.000000 13224897941602304.000000
2.830000 0.000418 0.131699 -115199432.000000 13270883082698752.000000
2.820000 0.000361 0.138887 -115398008.000000 13316670655299584.000000
2.810000 -0.000214 0.140322 -115597328.000000 13362759949352960.000000
2.800000 0.000156 0.131187 -115792696.000000 13407935489114112.000000
2.790000 0.000012 0.132887 -115989064.000000 13453449257549824.000000
2.780000 0.000336 0.127992 -116180616.000000 13497930086350848.000000
2.770000 -0.000290 0.130807 -116371496.000000 13542361523027968.000000
2.760000 0.000037 0.133875 -116562424.000000 13586783296028672.000000
2.750000 0.000264 0.132941 -116754248.000000 13631581952409600.000000
2.740000 0.000154 0.124445 -116942152.000000 13675445379661824.000000
2.730000 -0.000400 0.135754 -117126688.000000 13718688184139776.000000
2.720000 0.000178 0.128352 -117311192.000000 13761958905905152.000000
2.710000 -0.000196 0.128607 -117495128.000000 13805087893749760.000000
2.700000 0.000058 0.116205 -117679072.000000 13848339288162304.000000
2.690000 0.000342 0.120008 -117859312.000000 13890775712530432.000000
2.680000 0.000087 0.116838 -118038920.000000 13933165966000128.000000
2.670000 0.000178 0.122574 -118215616.000000 13974955997790208.000000
2.660000 -0.000419 0.120846 -118392736.000000 14016878099824640.000000
2.650000 0.000048 0.112627 -118569984.000000 14058830266630144.000000
2.640000 0.000336 0.109641 -118745264.000000 14100409845022720.000000
2.630000 0.000634 0.124900 -118914880.000000 14140742809157632.000000
2.620000 -0.000115 0.114414 -119084464.000000 14181141271543808.000000
2.610000 -0.000139 0.118203 -119256528.000000 14222078752325632.000000
2.600000 -0.000070 0.119969 -119426592.000000 14262735986491392.000000
2.590000 0.000122 0.111982 -119593232.000000 14302582545580032.000000
2.580000 0.000320 0.113258 -119759632.000000 14342406556090368.000000
2.570000 0.000234 0.117605 -119925488.000000 14382136077320192.000000
2.560000 -0.000280 0.107838 -120088576.000000 14421334096347136.000000
2.550000 -0.000203 0.110348 -120250720.000000 14460260458692608.000000
2.540000 0.000229 0.108514 -120413288.000000 14499382242050048.000000
2.530000 0.000110 0.106475 -120573952.000000 14538070233710592.000000
2.520000 -0.000276 0.111900 -120731696.000000 14576159077433344.000000
2.510000 -0.000200 0.104049 -120886608.000000 14613565021356032.000000
2.500000 0.000336 0.107383 -121041400.000000 14651008546242560.000000
2.490000 -0.000063 0.103107 -121193864.000000 14687993583370240.000000
2.480000 -0.000330 0.107637 -121345008.000000 14724597442150400.000000
2.470000 0.000375 0.108969 -121497504.000000 14761649051271168.000000
2.460000 0.000015 0.108568 -121649048.000000 14798500944412672.000000
2.450000 0.000215 0.100062 -121799752.000000 14835185333829632.000000
2.440000 0.000119 0.099371 -121945528.000000 14870677869821952.000000
2.430000 0.000159 0.104975 -122093320.000000 14906804987232256.000000
2.420000 -0.000356 0.100967 -122236808.000000 14941840109207552.000000
2.410000 0.000541 0.103809 -122377328.000000 14976242797248512.000000
2.400000 -0.000008 0.099742 -122519160.000000 15010897814618112.000000
2.390000 -0.000387 0.105355 -122657120.000000 15044820540063744.000000
2.380000 0.000011 0.097166 -122796176.000000 15078865672077312.000000
2.370000 -0.000047 0.090785 -122933800.000000 15112759406493696.000000
2.360000 -0.000097 0.097041 -123071808.000000 15146698238066688.000000
2.350000 0.000178 0.090391 -123208560.000000 15180314947092480.000000
2.340000 0.000124 0.093518 -123342456.000000 15213357204242432.000000
2.330000 0.000311 0.088262 -123474272.000000 15245917351313408.000000
2.320000 0.000021 0.095227 -123604160.000000 15277955659857920.000000
2.310000 -0.000191 0.098289 -123733560.000000 15309932765118464.000000
2.300000 -0.000024 0.096244 -123861056.000000 15341558756802560.000000
2.290000 0.000057 0.092957 -123986680.000000 15372718744535040.000000
2.280000 0.000156 0.086551 -124111264.000000 15403535134883840.000000
2.270000 -0.000364 0.089615 -124235488.000000 15434496480378880.000000
2.260000 -0.000058 0.088064 -124358984.000000 15465139998294016.000000
2.250000 0.000195 0.086629 -124478960.000000 15495025454481408.000000
2.240000 0.000051 0.085859 -124598840.000000 15524921648087040.000000
2.230000 -0.000207 0.083293 -124720008.000000 15555055138635776.000000
2.220000 -0.000376 0.080846 -124836752.000000 15584193270513664.000000
2.210000 0.000207 0.082469 -124955248.000000 15613827471114240.000000
2.200000 -0.000127 0.083375 -125069944.000000 15642531811295232.000000
2.190000 0.000205 0.077492 -125184464.000000 15671181390643200.000000
2.180000 -0.000048 0.077139 -125298000.000000 15699590451822592.000000
2.170000 -0.000256 0.085199 -125409152.000000 15727448683446272.000000
2.160000 0.000047 0.080395 -125518544.000000 15754894598209536.000000
2.150000 0.000499 0.078873 -125626400.000000 15781982956945408.000000
2.140000 -0.000325 0.083979 -125732584.000000 15808678326173696.000000
2.130000 0.000227 0.076539 -125838760.000000 15835409128882176.000000
2.120000 0.000219 0.083563 -125942920.000000 15861634199191552.000000
2.110000 0.000303 0.079195 -126046272.000000 15887589760303104.000000
2.100000 -0.000092 0.077895 -126148616.000000 15913519551610880.000000
2.090000 -0.000224 0.080303 -126250872.000000 15939304387772416.000000
2.080000 -0.000035 0.076402 -126350240.000000 15964383775555584.000000
2.070000 -0.000174 0.078430 -126449176.000000 15989385853927424.000000
2.060000 -0.000047 0.072516 -126546728.000000 16014117349359616.000000
2.050000 0.000269 0.075518 -126641904.000000 16038228222017536.000000
2.040000 -0.000438 0.074277 -126736512.000000 16062107166441472.000000
2.030000 0.000296 0.071076 -126830960.000000 16086022618087424.000000
2.020000 0.000025 0.074648 -126922896.000000 16109528974098432.000000
2.010000 0.000107 0.074035 -127012992.000000 16132203180195840.000000
2.000000 0.000237 0.064701 -127101832.000000 16154948253253632.000000
1.990000 0.000570 0.066109 -127193296.000000 16178035849953280.000000
1.980000 0.000154 0.070301 -127281112.000000 16200527519940608.000000
1.970000 -0.000302 0.065725 -127367584.000000 16222573587070976.000000
1.960000 -0.000146 0.068803 -127454168.000000 16244530533629952.000000
1.950000 -0.000303 0.068375 -127539504.000000 16266256625696768.000000
1.940000 0.000234 0.066141 -127622584.000000 16287474837880832.000000
1.930000 -0.000253 0.065596 -127704624.000000 16308411729707008.000000
1.920000 0.000135 0.061570 -127785960.000000 16329177896583168.000000
1.910000 0.000067 0.065658 -127867200.000000 16349927957331968.000000
1.900000 0.000105 0.061961 -127946160.000000 16370221677805568.000000
1.890000 -0.000115 0.064047 -128022960.000000 16389884038086656.000000
1.880000 -0.000317 0.062455 -128099072.000000 16409364935999488.000000
1.870000 0.000201 0.062184 -128172784.000000 16428283193196544.000000
1.860000 0.000150 0.058285 -128246208.000000 16447109108596736.000000
1.850000 -0.000176 0.061348 -128317424.000000 16465363793346560.000000
1.840000 0.000233 0.063127 -128389408.000000 16483834300203008.000000
1.830000 0.000147 0.060057 -128460496.000000 16502069657600000.000000
1.820000 -0.000116 0.061025 -128531568.000000 16520346890928128.000000
1.810000 -0.000126 0.056268 -128599728.000000 16537887537364992.000000
1.800000 0.000306 0.057689 -128665912.000000 16554912787726336.000000
1.790000 -0.000110 0.055486 -128731552.000000 16571822073970688.000000
1.780000 -0.000400 0.058301 -128796528.000000 16588495137013760.000000
1.770000 0.000017 0.057490 -128860232.000000 16604957746659328.000000
1.760000 -0.000123 0.056797 -128923384.000000 16621266811224064.000000
1.750000 -0.000075 0.053658 -128985528.000000 16637361127424000.000000
1.740000 -0.000043 0.053883 -129046856.000000 16652962596126720.000000
1.730000 -0.000124 0.054936 -129106752.000000 16668529705091072.000000
1.720000 -0.000399 0.053807 -129166248.000000 16684027020836864.000000
1.710000 0.000023 0.051730 -129223472.000000 16698731915116544.000000
1.700000 -0.000043 0.053121 -129279896.000000 16713314402828288.000000
1.690000 0.000108 0.050646 -129335872.000000 16727807769968640.000000
1.680000 -0.000319 0.049666 -129390576.000000 16741775003615232.000000
1.670000 -0.000363 0.050160 -129443856.000000 16755703582556160.000000
1.660000 -0.000034 0.048881 -129495968.000000 16769343324946432.000000
1.650000 -0.000018 0.051977 -129549088.000000 16783019574558720.000000
1.640000 0.000033 0.047969 -129601280.000000 16796531541671936.000000
1.630000 -0.000160 0.047891 -129651168.000000 16809370272661504.000000
1.620000 0.000006 0.050367 -129700752.000000 16822209003651072.000000
1.610000 0.000049 0.047512 -129749056.000000 16834784667893760.000000
1.600000 0.000145 0.047477 -129796504.000000 16847290538917888.000000
1.590000 0.000134 0.042580 -129842568.000000 16859133911236608.000000
1.580000 0.000034 0.044967 -129887240.000000 16870658382233600.000000
1.570000 -0.000001 0.046053 -129932616.000000 16882322439667712.000000
1.560000 -0.000214 0.042994 -129975248.000000 16893725577838592.000000
1.550000 -0.000146 0.043902 -130017696.000000 16904609024966656.000000
1.540000 -0.000195 0.044691 -130058480.000000 16915374360494080.000000
1.530000 -0.000061 0.042137 -130100280.000000 16926053796675584.000000
1.520000 -0.000082 0.043215 -130139960.000000 16936523853201408.000000
1.510000 0.000105 0.042617 -130179272.000000 16946575150415872.000000
1.500000 -0.000130 0.041822 -130217104.000000 16956444985262080.000000
1.490000 0.000018 0.041641 -130254408.000000 16966241805664256.000000
1.480000 -0.000206 0.040650 -130291584.000000 16975919440723968.000000
1.470000 0.000244 0.039074 -130327912.000000 16985431719542784.000000
1.460000 0.000104 0.038395 -130362240.000000 16994397463773184.000000
1.450000 -0.000149 0.042119 -130397240.000000 17003452328574976.000000
1.440000 -0.000310 0.038912 -130431352.000000 17012407335387136.000000
1.430000 -0.000147 0.037842 -130464056.000000 17020946804113408.000000
1.420000 -0.000082 0.036059 -130497672.000000 17029718201073664.000000
1.410000 -0.000003 0.034709 -130528984.000000 17037848574164992.000000
1.400000 -0.000072 0.038664 -130559160.000000 17045839360819200.000000
1.390000 0.000026 0.037588 -130589200.000000 17053629357752320.000000
1.380000 0.000223 0.032219 -130620824.000000 17061538540027904.000000
1.370000 0.000060 0.036811 -130649792.000000 17069372560375808.000000
1.360000 0.000001 0.033881 -130677760.000000 17076713733226496.000000
1.350000 0.000178 0.033320 -130705024.000000 17083799355523072.000000
1.340000 0.000215 0.032371 -130733304.000000 17091138380890112.000000
1.330000 0.000119 0.032078 -130759632.000000 17098210044542976.000000
1.320000 0.000241 0.030736 -130785976.000000 17104706182578176.000000
1.310000 -0.000135 0.031777 -130809448.000000 17111217352998912.000000
1.300000 -0.000094 0.030363 -130835488.000000 17117743555805184.000000
1.290000 0.000056 0.031494 -130858336.000000 17123891801489408.000000
1.280000 0.000067 0.030275 -130883728.000000 17130192518512640.000000
1.270000 0.000289 0.028293 -130903456.000000 17136166818021376.000000
1.260000 -0.000046 0.029334 -130927120.000000 17141868387106816.000000
1.250000 0.000107 0.029523 -130950448.000000 17147649413087232.000000
1.240000 -0.000043 0.030766 -130968936.000000 17153181330964480.000000
1.230000 0.000022 0.026658 -130989840.000000 17158501721702400.000000
1.220000 0.000183 0.027498 -131011184.000000 17163872578306048.000000
1.210000 0.000072 0.026934 -131032088.000000 17168921312362496.000000
1.200000 0.000177 0.027955 -131049896.000000 17173873409654784.000000
1.190000 0.000256 0.026922 -131067152.000000 17178784704757760.000000
1.180000 -0.000249 0.027408 -131084784.000000 17183498431365120.000000
1.170000 -0.000018 0.025527 -131101776.000000 17188104783790080.000000
1.160000 -0.000090 0.027262 -131119416.000000 17192630605578240.000000
1.150000 -0.000065 0.025393 -131135592.000000 17196886918168576.000000
1.140000 -0.000281 0.025949 -131151936.000000 17201151820693504.000000
1.130000 -0.000131 0.024152 -131167976.000000 17205307201552384.000000
1.120000 -0.000088 0.023680 -131183440.000000 17209283267526656.000000
1.110000 -0.000164 0.023273 -131198960.000000 17213199203958784.000000
1.100000 -0.000128 0.024189 -131214600.000000 17217179564900352.000000
1.090000 0.000245 0.023131 -131230296.000000 17220900080320512.000000
1.080000 0.000041 0.023488 -131243456.000000 17224366118928384.000000
1.070000 -0.000227 0.024027 -131254320.000000 17228175754919936.000000
1.060000 -0.000258 0.022234 -131267456.000000 17231408791552000.000000
1.050000 0.000009 0.021232 -131280888.000000 17234889862545408.000000
1.040000 -0.000027 0.020957 -131295944.000000 17237910298296320.000000
1.030000 0.000169 0.020490 -131303608.000000 17241258225303552.000000
1.020000 -0.000041 0.022938 -131316488.000000 17244162696937472.000000
1.010000 -0.000236 0.020668 -131329648.000000 17247346341445632.000000
