6.000000 0.016514 0.837012 -1169.270020 1523258.125000
5.990000 0.012949 0.725625 -2864.140381 8428797.000000
5.980000 0.016211 0.943438 -4685.990234 22150088.000000
5.970000 0.011221 0.807402 -6221.354980 38854064.000000
5.960000 0.015723 0.920898 -7846.970215 61787628.000000
5.950000 0.015010 0.830488 -9504.440430 90528328.000000
5.940000 0.013701 0.872559 -11125.950195 123967256.000000
5.930000 0.009062 0.643945 -12863.705078 165745728.000000
5.920000 0.011807 0.695566 -14517.605469 210882192.000000
5.910000 0.013770 0.784102 -15945.674805 254410160.000000
5.900000 0.014121 0.705078 -17495.279297 306280704.000000
5.890000 0.013662 0.709863 -19074.039062 363957440.000000
5.880000 0.014570 0.886367 -20768.365234 431541568.000000
5.870000 0.012559 0.742891 -22236.259766 494618304.000000
5.860000 0.011543 0.691250 -23973.560547 574947264.000000
5.850000 0.016289 0.893672 -25677.349609 659497664.000000
5.840000 0.013105 0.768242 -27228.169922 741543680.000000
5.830000 0.013896 0.765059 -28749.714844 826707456.000000
5.820000 0.013945 0.786367 -30251.369141 915292352.000000
5.810000 0.012529 0.766035 -31767.630859 1009350592.000000
5.800000 0.013975 0.809512 -33224.476562 1104017792.000000
5.790000 0.014541 0.824199 -34939.660156 1221002880.000000
5.780000 0.012236 0.640449 -36629.593750 1341911808.000000
5.770000 0.012969 0.783906 -38165.281250 1456755968.000000
5.760000 0.013906 0.748672 -39963.851562 1597352832.000000
5.750000 0.013496 0.764414 -41495.636719 1722040448.000000
5.740000 0.016309 0.841680 -43140.480469 1861297920.000000
5.730000 0.014248 0.759941 -44732.253906 2001151616.000000
5.720000 0.012695 0.622930 -46408.531250 2153948672.000000
5.710000 0.012676 0.710898 -48320.105469 2335096320.000000
5.700000 0.014717 0.780137 -50075.218750 2507741952.000000
5.690000 0.014941 0.724141 -51738.746094 2677095424.000000
5.680000 0.014502 0.750996 -53312.718750 2842441728.000000
5.670000 0.012666 0.625059 -54942.773438 3018900736.000000
5.660000 0.015635 0.904785 -56670.816406 3211782144.000000
5.650000 0.015713 0.896309 -58394.500000 3410115072.000000
5.640000 0.014502 0.680957 -59942.128906 3593207552.000000
5.630000 0.012158 0.699355 -61583.316406 3792715008.000000
5.620000 0.012070 0.686875 -63307.953125 4008110592.000000
5.610000 0.013623 0.841699 -65158.464844 4245850624.000000
5.600000 0.014404 0.791895 -66929.804688 4479825920.000000
5.590000 0.014102 0.854727 -68458.070312 4686660096.000000
5.580000 0.012842 0.776309 -69980.703125 4897466880.000000
5.570000 0.017764 0.897090 -71589.101562 5125194240.000000
5.560000 0.012939 0.669590 -73436.171875 5393143808.000000
5.550000 0.014854 0.835020 -75336.898438 5675886592.000000
5.540000 0.013809 0.740937 -77145.445312 5951593984.000000
5.530000 0.013496 0.716523 -78804.007812 6210245632.000000
5.520000 0.012900 0.760566 -80631.726562 6501700096.000000
5.510000 0.013438 0.787812 -82452.421875 6798612480.000000
5.500000 0.014307 0.764082 -84228.921875 7094765568.000000
5.490000 0.017832 0.992813 -86219.617188 7434136576.000000
5.480000 0.012139 0.717207 -88156.609375 7771848704.000000
5.470000 0.016689 0.785996 -90006.359375 8101348864.000000
5.460000 0.017432 0.745059 -91765.296875 8421103616.000000
5.450000 0.014687 0.855313 -93649.898438 8770565120.000000
5.440000 0.013398 0.864648 -95383.757812 9098271744.000000
5.430000 0.015732 0.745215 -97177.070312 9443617792.000000
5.420000 0.015713 0.755918 -99095.937500 9820263424.000000
5.410000 0.014834 0.744629 -101023.140625 10205918208.000000
5.400000 0.017764 0.854434 -102675.789062 10542454784.000000
5.390000 0.013428 0.822012 -104200.609375 10857920512.000000
5.380000 0.009893 0.678652 -105639.859375 11159966720.000000
5.370000 0.012012 0.646172 -107315.843750 11516912640.000000
5.360000 0.015381 0.791699 -109102.781250 11903667200.000000
5.350000 0.015762 0.776563 -110930.937500 12305917952.000000
5.340000 0.014395 0.731602 -112711.093750 12703971328.000000
5.330000 0.013760 0.744160 -114297.203125 13064005632.000000
5.320000 0.015811 0.850488 -115973.921875 13450215424.000000
5.310000 0.016592 0.823887 -117904.640625 13901761536.000000
5.300000 0.012725 0.653066 -119886.132812 14372902912.000000
5.290000 0.012891 0.649648 -121675.703125 14805187584.000000
5.280000 0.015557 0.823770 -123408.742188 15229933568.000000
5.270000 0.013887 0.746094 -125132.281250 15658259456.000000
5.260000 0.013096 0.675254 -126777.921875 16072806400.000000
5.250000 0.016758 0.861680 -128526.179688 16519196672.000000
5.240000 0.015576 0.715254 -130236.187500 16961654784.000000
5.230000 0.013818 0.806230 -132113.281250 17454135296.000000
5.220000 0.014570 0.693125 -133879.718750 17923995648.000000
5.210000 0.014355 0.791055 -135649.500000 18400974848.000000
5.200000 0.014033 0.746504 -137361.187500 18868314112.000000
5.190000 0.014316 0.688789 -139006.859375 19323078656.000000
5.180000 0.014023 0.794805 -140668.859375 19787898880.000000
5.170000 0.014131 0.731895 -142346.687500 20262815744.000000
5.160000 0.015713 0.707910 -144066.234375 20755275776.000000
5.150000 0.014170 0.741621 -145720.421875 21234622464.000000
5.140000 0.014082 0.818008 -147378.984375 21720795136.000000
5.130000 0.013672 0.802461 -149064.093750 22220298240.000000
5.120000 0.016387 0.799062 -150920.453125 22777253888.000000
5.110000 0.013770 0.793047 -152794.562500 23346384896.000000
5.100000 0.016387 0.775703 -154585.796875 23897018368.000000
5.090000 0.013145 0.752227 -156421.531250 24467933184.000000
5.080000 0.017861 0.828340 -158211.093750 25030998016.000000
5.070000 0.014414 0.788516 -159998.296875 25599680512.000000
5.060000 0.017354 0.908730 -161666.781250 26136334336.000000
5.050000 0.017764 0.771621 -163445.187500 26714554368.000000
5.040000 0.015469 0.811758 -165292.859375 27322003456.000000
5.030000 0.014229 0.701270 -167365.125000 28011388928.000000
5.020000 0.012695 0.648750 -169313.484375 28667312128.000000
5.010000 0.013105 0.742578 -171167.562500 29298558976.000000
5.000000 0.014395 0.713203 -173027.687500 29938851840.000000
4.990000 0.015400 0.913496 -174753.562500 30539036672.000000
4.980000 0.013105 0.658008 -176587.562500 31183407104.000000
4.970000 0.016074 0.766641 -178361.515625 31813105664.000000
4.960000 0.011309 0.679688 -180252.687500 32491280384.000000
4.950000 0.013721 0.726816 -182062.921875 33147078656.000000
4.940000 0.015674 0.695410 -183784.687500 33776982016.000000
4.930000 0.016494 0.914082 -185547.421875 34428010496.000000
4.920000 0.014072 0.779199 -187344.000000 35098017792.000000
4.910000 0.016553 0.874316 -189164.687500 35783471104.000000
4.900000 0.015273 0.727773 -190877.765625 36434599936.000000
4.890000 0.014453 0.789258 -192654.406250 37115940864.000000
4.880000 0.013164 0.655898 -194465.046875 37816819712.000000
4.870000 0.016045 0.853184 -196203.437500 38496026624.000000
4.860000 0.017100 0.799434 -198138.437500 39259049984.000000
4.850000 0.015850 0.826582 -199739.000000 39895887872.000000
4.840000 0.012529 0.662910 -201469.437500 40590159872.000000
4.830000 0.010146 0.599316 -203416.078125 41378430976.000000
4.820000 0.016133 0.841719 -205203.593750 42108747776.000000
4.810000 0.018057 0.907129 -206829.953125 42778816512.000000
4.800000 0.016074 0.835586 -208421.843750 43439865856.000000
4.790000 0.016016 0.834375 -210243.296875 44202520576.000000
4.780000 0.013916 0.763613 -212196.359375 45027594240.000000
4.770000 0.014287 0.749902 -214092.125000 45835714560.000000
4.760000 0.013057 0.683809 -216142.921875 46718087168.000000
4.750000 0.017041 0.740605 -218258.703125 47637127168.000000
4.740000 0.011914 0.651758 -220228.156250 48500756480.000000
4.730000 0.013184 0.635781 -222154.343750 49352724480.000000
4.720000 0.015547 0.812695 -224005.984375 50178928640.000000
4.710000 0.015615 0.730332 -225715.156250 50947551232.000000
4.700000 0.016514 0.777559 -227689.796875 51842891776.000000
4.690000 0.014600 0.821426 -229494.375000 52667871232.000000
4.680000 0.015381 0.777129 -231290.015625 53495345152.000000
4.670000 0.017041 0.829746 -233265.156250 54412943360.000000
4.660000 0.016592 0.774277 -235146.796875 55294296064.000000
4.650000 0.012803 0.700527 -237072.156250 56203399168.000000
4.640000 0.014639 0.713770 -238694.875000 56975462400.000000
4.630000 0.016455 1.017754 -240578.562500 57878237184.000000
4.620000 0.017285 0.733867 -242388.781250 58752610304.000000
4.610000 0.016846 0.800684 -244402.484375 59732897792.000000
4.600000 0.017236 0.817988 -246257.281250 60642934784.000000
4.590000 0.015322 0.677754 -248106.718750 61557194752.000000
4.580000 0.014707 0.632070 -249981.218750 62490800128.000000
4.570000 0.015176 0.728203 -251881.765625 63444668416.000000
4.560000 0.014980 0.695742 -253716.078125 64372064256.000000
4.550000 0.012852 0.685547 -255594.781250 65328984064.000000
4.540000 0.015869 0.760879 -257627.593750 66372259840.000000
4.530000 0.015234 0.678984 -259504.718750 67343028224.000000
4.520000 0.015537 0.780762 -261481.078125 68372729856.000000
4.510000 0.011670 0.610879 -263259.468750 69305794560.000000
4.500000 0.014512 0.679375 -265120.968750 70289350656.000000
4.490000 0.014248 0.665918 -266882.093750 71226204160.000000
4.480000 0.015957 0.872617 -268742.156250 72222629888.000000
4.470000 0.015186 0.716777 -270813.281250 73340076032.000000
4.460000 0.015342 0.748379 -272831.625000 74437369856.000000
4.450000 0.013203 0.664375 -274595.718750 75403034624.000000
4.440000 0.016738 0.785547 -276468.968750 76435283968.000000
4.430000 0.015439 0.630645 -278356.593750 77482549248.000000
4.420000 0.017148 0.810000 -280091.812500 78451671040.000000
4.410000 0.016533 0.826895 -281915.031250 79476285440.000000
4.400000 0.016377 0.767598 -283809.156250 80547962880.000000
4.390000 0.015049 0.758848 -285851.562500 81711308800.000000
4.380000 0.014531 0.771523 -287746.250000 82798272512.000000
4.370000 0.015039 0.730117 -289874.562500 84027539456.000000
4.360000 0.016006 0.691934 -291729.906250 85106655232.000000
4.350000 0.017803 0.900059 -293756.531250 86293118976.000000
4.340000 0.013457 0.610195 -295459.875000 87296770048.000000
4.330000 0.017168 0.745508 -297424.500000 88461664256.000000
4.320000 0.017725 0.753418 -299507.000000 89704808448.000000
4.310000 0.014834 0.663535 -301494.812500 90899398656.000000
4.300000 0.015205 0.734355 -303300.093750 91991171072.000000
4.290000 0.015068 0.770840 -305220.906250 93160046592.000000
4.280000 0.015771 0.840684 -307129.750000 94328930304.000000
4.270000 0.017510 0.751738 -309093.687500 95539134464.000000
4.260000 0.016709 0.764316 -311032.531250 96741466112.000000
4.250000 0.015557 0.755488 -313057.875000 98005467136.000000
4.240000 0.017988 0.829453 -315032.968750 99246080000.000000
4.230000 0.016025 0.718340 -316967.968750 100468998144.000000
4.220000 0.013789 0.666367 -318947.750000 101727936512.000000
4.210000 0.015693 0.688145 -321000.093750 103041277952.000000
4.200000 0.016709 0.835684 -322873.281250 104247443456.000000
4.190000 0.015586 0.644961 -324829.906250 105514860544.000000
4.180000 0.015557 0.733262 -326694.531250 106729496576.000000
4.170000 0.018301 0.811172 -328576.406250 107962728448.000000
4.160000 0.018604 0.757051 -330687.281250 109354352640.000000
4.150000 0.014336 0.615117 -332419.093750 110502707200.000000
4.140000 0.015498 0.715020 -334325.156250 111773581312.000000
4.130000 0.015850 0.740098 -336209.687500 113037197312.000000
4.120000 0.016592 0.674707 -338227.562500 114398289920.000000
4.110000 0.017246 0.813242 -340266.093750 115781238784.000000
4.100000 0.019600 0.959434 -342299.375000 117169168384.000000
4.090000 0.015879 0.716289 -344332.375000 118565036032.000000
4.080000 0.015762 0.728516 -346151.750000 119821197312.000000
4.070000 0.015000 0.666055 -347942.968750 121064611840.000000
4.060000 0.016484 0.786602 -349859.093750 122401710080.000000
4.050000 0.017129 0.758789 -351786.031250 123753644032.000000
4.040000 0.016807 0.812637 -353534.437500 124986736640.000000
4.030000 0.017588 0.788379 -355569.843750 126430183424.000000
4.020000 0.014199 0.604336 -357506.562500 127811198976.000000
4.010000 0.015859 0.767070 -359389.718750 129161306112.000000
4.000000 0.015234 0.633711 -361338.593750 130565832704.000000
3.990000 0.016328 0.767148 -363191.531250 131908378624.000000
3.980000 0.016484 0.694609 -365236.156250 133397692416.000000
3.970000 0.015107 0.620059 -367189.375000 134828187648.000000
3.960000 0.015986 0.650801 -369078.156250 136219009024.000000
3.950000 0.017354 0.784512 -370910.093750 137574580224.000000
3.940000 0.014229 0.659668 -372889.375000 139046731776.000000
3.930000 0.018760 0.829863 -374922.156250 140566904832.000000
3.920000 0.016738 0.714258 -376753.843750 141943685120.000000
3.910000 0.016484 0.738672 -378667.531250 143389376512.000000
3.900000 0.015488 0.645391 -380588.250000 144847667200.000000
3.890000 0.017432 0.777324 -382686.250000 146449055744.000000
3.880000 0.016367 0.642187 -384782.625000 148057964544.000000
3.870000 0.016113 0.707773 -386865.437500 149665038336.000000
3.860000 0.018457 0.822891 -388898.156250 151242080256.000000
3.850000 0.015771 0.650176 -390811.968750 152734253056.000000
3.840000 0.014941 0.625273 -392853.281250 154334035968.000000
3.830000 0.015557 0.670879 -394845.156250 155903016960.000000
3.820000 0.016631 0.732402 -396802.562500 157452533760.000000
3.810000 0.017236 0.714668 -398949.281250 159160713216.000000
3.800000 0.017686 0.819824 -400964.031250 160772521984.000000
3.790000 0.018301 0.733164 -402866.906250 162302050304.000000
3.780000 0.019443 0.854941 -404871.375000 163921068032.000000
3.770000 0.017529 0.767559 -406845.968750 165523898368.000000
3.760000 0.017227 0.766055 -408799.125000 167116898304.000000
3.750000 0.015039 0.734766 -410657.468750 168639807488.000000
3.740000 0.015078 0.751055 -412580.562500 170223042560.000000
3.730000 0.013857 0.651660 -414496.406250 171807801344.000000
3.720000 0.016270 0.793008 -416776.593750 173702987776.000000
3.710000 0.017910 0.691953 -418848.312500 175434203136.000000
3.700000 0.016523 0.737969 -420887.843750 177146806272.000000
3.690000 0.018594 0.755703 -422944.875000 178882494464.000000
3.680000 0.019854 0.858301 -424952.812500 180585316352.000000
3.670000 0.015205 0.685098 -426927.593750 182267396096.000000
3.660000 0.015244 0.672324 -429000.156250 184041390080.000000
3.650000 0.017500 0.722070 -430983.968750 185747472384.000000
3.640000 0.018574 0.810547 -433043.468750 187527036928.000000
3.630000 0.018252 0.696816 -435069.125000 189285318656.000000
3.620000 0.016982 0.706426 -436975.968750 190948163584.000000
3.610000 0.015674 0.678926 -438931.750000 192661307392.000000
3.600000 0.015225 0.687637 -440810.437500 194314108928.000000
3.590000 0.015137 0.711523 -442889.718750 196151640064.000000
3.580000 0.015635 0.770566 -445068.625000 198086492160.000000
3.570000 0.017432 0.651699 -447182.437500 199972454400.000000
3.560000 0.015527 0.718594 -449203.562500 201784098816.000000
3.550000 0.015615 0.710566 -451287.000000 203660148736.000000
3.540000 0.017949 0.712109 -453182.812500 205375045632.000000
3.530000 0.015215 0.630156 -455258.187500 207260254208.000000
3.520000 0.016543 0.692187 -457391.312500 209207033856.000000
3.510000 0.013975 0.586191 -459700.562500 211324813312.000000
3.500000 0.018447 0.773926 -461789.187500 213249654784.000000
3.490000 0.013633 0.648828 -463889.593750 215193796608.000000
3.480000 0.015273 0.680391 -465951.031250 217110822912.000000
3.470000 0.019619 0.805879 -468066.562500 219086536704.000000
3.460000 0.016025 0.690098 -470220.093750 221107388416.000000
3.450000 0.016445 0.689844 -472171.312500 222945902592.000000
3.440000 0.015781 0.671836 -474336.625000 224995491840.000000
3.430000 0.015947 0.727598 -476347.093750 226906800128.000000
3.420000 0.018437 0.713750 -478459.531250 228923965440.000000
3.410000 0.014971 0.705996 -480620.593750 230996672512.000000
3.400000 0.016182 0.621777 -482752.468750 233050062848.000000
3.390000 0.013545 0.602832 -484713.406250 234947444736.000000
3.380000 0.014912 0.652949 -486627.906250 236806930432.000000
3.370000 0.015537 0.652012 -488584.281250 238714896384.000000
3.360000 0.016611 0.666152 -490524.093750 240614162432.000000
3.350000 0.018457 0.775195 -492701.312500 242754994176.000000
3.340000 0.014785 0.584102 -494890.093750 244916436992.000000
3.330000 0.014854 0.591191 -496922.250000 246932062208.000000
3.320000 0.016221 0.662129 -499027.875000 249029148672.000000
3.310000 0.016211 0.687656 -501173.687500 251174993920.000000
3.300000 0.015166 0.624004 -503469.250000 253481566208.000000
3.290000 0.016396 0.681504 -505503.468750 255534170112.000000
3.280000 0.016641 0.660195 -507607.593750 257665908736.000000
3.270000 0.014258 0.551328 -509715.843750 259810639872.000000
3.260000 0.012979 0.551660 -511894.250000 262036094976.000000
3.250000 0.015430 0.716680 -514145.468750 264345927680.000000
3.240000 0.017412 0.638027 -516243.031250 266507354112.000000
3.230000 0.016592 0.672520 -518288.750000 268623511552.000000
3.220000 0.016621 0.783672 -520192.250000 270600028160.000000
3.210000 0.014014 0.564355 -522202.187500 272695377920.000000
3.200000 0.012852 0.546719 -524291.312500 274881740800.000000
3.190000 0.013916 0.550215 -526305.500000 276997799936.000000
3.180000 0.017100 0.644316 -528290.875000 279091478528.000000
3.170000 0.014717 0.605332 -530249.812500 281165135872.000000
3.160000 0.016025 0.621934 -532405.187500 283455881216.000000
3.150000 0.014980 0.577227 -534610.937500 285809278976.000000
3.140000 0.016943 0.707441 -536590.312500 287929434112.000000
3.130000 0.016357 0.634316 -538780.312500 290284830720.000000
3.120000 0.016875 0.738477 -540974.000000 292653268992.000000
3.110000 0.016387 0.668984 -543003.062500 294852329472.000000
3.100000 0.014463 0.603184 -545056.937500 297087369216.000000
3.090000 0.017754 0.674023 -547195.437500 299423268864.000000
3.080000 0.014941 0.650742 -549195.375000 301615906816.000000
3.070000 0.016328 0.605781 -551232.437500 303857664000.000000
3.060000 0.014316 0.562617 -553417.687500 306271551488.000000
3.050000 0.015479 0.597832 -555496.187500 308576256000.000000
3.040000 0.017031 0.682852 -557633.750000 310955737088.000000
3.030000 0.014189 0.596309 -559727.000000 313294782464.000000
3.020000 0.013311 0.502051 -561795.062500 315613937664.000000
3.010000 0.017002 0.656035 -563672.187500 317726326784.000000
3.000000 0.013496 0.533945 -565584.125000 319885443072.000000
2.990000 0.016738 0.616406 -567622.312500 322195423232.000000
2.980000 0.016875 0.651094 -569562.250000 324401594368.000000
2.970000 0.014922 0.602031 -571543.500000 326662225920.000000
2.960000 0.016338 0.596035 -573480.687500 328880422912.000000
2.950000 0.014248 0.565371 -575499.250000 331199676416.000000
2.940000 0.018398 0.718125 -577632.500000 333659635712.000000
2.930000 0.016709 0.664160 -579637.500000 335979511808.000000
2.920000 0.018574 0.705273 -581673.000000 338343821312.000000
2.910000 0.017031 0.638867 -583554.562500 340536164352.000000
2.900000 0.016523 0.576914 -585500.375000 342811049984.000000
2.890000 0.016631 0.643379 -587678.875000 345366953984.000000
2.880000 0.017207 0.616914 -589766.750000 347825143808.000000
2.870000 0.016875 0.622344 -591630.312500 350026924032.000000
2.860000 0.015293 0.553711 -593799.000000 352597442560.000000
2.850000 0.013672 0.549844 -595987.250000 355201056768.000000
2.840000 0.016055 0.622891 -598101.187500 357725503488.000000
2.830000 0.016299 0.587480 -600244.250000 360293695488.000000
2.820000 0.015439 0.599121 -602180.250000 362621239296.000000
2.810000 0.015352 0.505898 -604173.437500 365025918976.000000
2.800000 0.016201 0.569707 -606139.937500 367405858816.000000
2.790000 0.013652 0.490820 -608199.250000 369906745344.000000
2.780000 0.015059 0.578438 -610160.375000 372295958528.000000
2.770000 0.017158 0.625840 -612285.937500 374894854144.000000
2.760000 0.016523 0.594570 -614551.875000 377674006528.000000
2.750000 0.015889 0.632012 -616409.937500 379961606144.000000
2.740000 0.015771 0.541934 -618378.625000 382392336384.000000
2.730000 0.015195 0.563828 -620302.250000 384774930432.000000
2.720000 0.016748 0.615684 -622358.187500 387329785856.000000
2.710000 0.015703 0.600664 -624191.375000 389614895104.000000
2.700000 0.016758 0.584063 -626164.625000 392082817024.000000
2.690000 0.016152 0.509141 -628205.187500 394641932288.000000
2.680000 0.014141 0.502891 -630186.250000 397134823424.000000
2.670000 0.016445 0.629844 -632112.250000 399566307328.000000
2.660000 0.016387 0.575117 -634046.875000 402015780864.000000
2.650000 0.016689 0.571309 -635847.875000 404302725120.000000
2.640000 0.017734 0.641016 -637598.187500 406531473408.000000
2.630000 0.015049 0.539434 -639489.312500 408947032064.000000
2.620000 0.014453 0.546602 -641395.500000 411388477440.000000
2.610000 0.017715 0.650234 -643228.937500 413743939584.000000
2.600000 0.014951 0.533418 -645008.750000 416036421632.000000
2.590000 0.014687 0.561836 -646727.500000 418256912384.000000
2.580000 0.015801 0.543086 -648493.500000 420543856640.000000
2.570000 0.014814 0.497324 -650355.812500 422963085312.000000
2.560000 0.015039 0.510898 -652346.625000 425556639744.000000
2.550000 0.014121 0.450547 -654367.000000 428196167680.000000
2.540000 0.013203 0.436914 -656178.937500 430571028480.000000
2.530000 0.014893 0.494434 -658180.750000 433202200576.000000
2.520000 0.015117 0.525078 -660117.312500 435755384832.000000
2.510000 0.015957 0.533711 -662003.250000 438248603648.000000
2.500000 0.013438 0.453516 -663868.937500 440721899520.000000
2.490000 0.014863 0.504844 -665751.437500 443225112576.000000
2.480000 0.015957 0.516875 -667514.062500 445575266304.000000
2.470000 0.014473 0.540469 -669384.875000 448076316672.000000
2.460000 0.014580 0.489863 -671359.937500 450724265984.000000
2.450000 0.014795 0.518848 -673162.250000 453147852800.000000
2.440000 0.013975 0.393926 -674925.937500 455525236736.000000
2.430000 0.014521 0.488223 -676553.062500 457723936768.000000
2.420000 0.015771 0.501621 -678351.500000 460160958464.000000
2.410000 0.015586 0.573320 -680024.875000 462434271232.000000
2.400000 0.015547 0.511641 -681636.187500 464628088832.000000
2.390000 0.014375 0.463047 -683341.250000 466955304960.000000
2.380000 0.014775 0.514199 -684939.625000 469142437888.000000
2.370000 0.015010 0.460332 -686488.625000 471266492416.000000
2.360000 0.013779 0.425605 -688132.562500 473526599680.000000
2.350000 0.013369 0.433770 -689663.062500 475635286016.000000
2.340000 0.015195 0.480117 -691099.500000 477618831360.000000
2.330000 0.015205 0.467715 -692673.812500 479797116928.000000
2.320000 0.013086 0.436250 -694212.500000 481930805248.000000
2.310000 0.014043 0.423359 -695892.062500 484266213376.000000
2.300000 0.013184 0.420820 -697416.312500 486389514240.000000
2.290000 0.014619 0.450449 -698891.062500 488449015808.000000
2.280000 0.015469 0.481172 -700402.750000 490564485120.000000
2.270000 0.014160 0.468242 -701860.812500 492608749568.000000
2.260000 0.014971 0.427715 -703208.312500 494502248448.000000
2.250000 0.013223 0.419922 -704683.812500 496579575808.000000
2.240000 0.013936 0.432324 -706103.750000 498582487040.000000
2.230000 0.014170 0.430879 -707589.375000 500683079680.000000
2.220000 0.016172 0.471055 -709162.625000 502911696896.000000
2.210000 0.011973 0.378320 -710639.750000 505008848896.000000
2.200000 0.014355 0.380937 -712152.625000 507161346048.000000
2.190000 0.014795 0.450059 -713509.250000 509095641088.000000
2.180000 0.016738 0.505781 -714882.937500 511058018304.000000
2.170000 0.013916 0.434473 -716157.062500 512880934912.000000
2.160000 0.013213 0.411699 -717462.500000 514752675840.000000
2.150000 0.013721 0.376309 -718931.187500 516862148608.000000
2.140000 0.013613 0.427070 -720223.250000 518721142784.000000
2.130000 0.013848 0.377187 -721503.437500 520567259136.000000
2.120000 0.011035 0.294727 -722679.437500 522265493504.000000
2.110000 0.012871 0.354062 -723771.187500 523844911104.000000
2.100000 0.011641 0.303086 -724783.250000 525310918656.000000
2.090000 0.012529 0.334863 -725587.125000 526476279808.000000
2.080000 0.012246 0.351914 -726504.375000 527808856064.000000
2.070000 0.012695 0.336055 -727434.062500 529160470528.000000
2.060000 0.011924 0.292637 -728294.062500 530412273664.000000
2.050000 0.013145 0.342813 -729127.500000 531626852352.000000
2.040000 0.012324 0.305625 -730068.062500 532999241728.000000
2.030000 0.012812 0.302305 -730844.812500 534133538816.000000
2.020000 0.011045 0.277246 -731613.500000 535258595328.000000
2.010000 0.013340 0.341406 -732466.187500 536506171392.000000
2.000000 0.012139 0.280527 -733227.062500 537621987328.000000
1.990000 0.012119 0.284863 -733874.312500 538571210752.000000
1.980000 0.011006 0.248574 -734619.125000 539665530880.000000
1.970000 0.012822 0.280801 -735217.125000 540544794624.000000
1.960000 0.011025 0.230996 -735835.687500 541454565376.000000
1.950000 0.011328 0.266562 -736407.375000 542295916544.000000
1.940000 0.011553 0.253301 -736932.250000 543068782592.000000
1.930000 0.011660 0.246719 -737435.625000 543811600384.000000
1.920000 0.011289 0.228008 -737976.062500 544608681984.000000
1.910000 0.010918 0.224844 -738413.937500 545255194624.000000
1.900000 0.009785 0.206680 -738869.750000 545928216576.000000
1.890000 0.010205 0.202559 -739350.750000 546639740928.000000
1.880000 0.009473 0.209336 -739822.937500 547338125312.000000
1.870000 0.009473 0.181406 -740199.250000 547895345152.000000
1.860000 0.009570 0.174648 -740678.187500 548603756544.000000
1.850000 0.009023 0.169805 -741055.687500 549163663360.000000
1.840000 0.008770 0.171367 -741398.375000 549671665664.000000
1.830000 0.009785 0.187344 -741752.562500 550197002240.000000
1.820000 0.008750 0.155547 -742074.250000 550673973248.000000
1.810000 0.008516 0.148516 -742324.187500 551044907008.000000
1.800000 0.009404 0.168848 -742601.687500 551456997376.000000
1.790000 0.008154 0.151855 -742918.187500 551927939072.000000
1.780000 0.008926 0.153203 -743142.750000 552260861952.000000
1.770000 0.009072 0.139824 -743369.937500 552599158784.000000
1.760000 0.008096 0.137598 -743647.375000 553011576832.000000
1.750000 0.008076 0.129121 -743874.000000 553348694016.000000
1.740000 0.007568 0.133887 -744142.812500 553747939328.000000
1.730000 0.007402 0.117383 -744367.812500 554083287040.000000
1.720000 0.008105 0.125117 -744616.000000 554452647936.000000
1.710000 0.007900 0.127949 -744809.687500 554741465088.000000
1.700000 0.006289 0.100703 -745029.062500 555068030976.000000
1.690000 0.006328 0.104805 -745184.375000 555299962880.000000
1.680000 0.006299 0.099004 -745348.500000 555544150016.000000
1.670000 0.005889 0.085254 -745531.937500 555817369600.000000
1.660000 0.005820 0.079687 -745719.250000 556097208320.000000
1.650000 0.006299 0.092051 -745885.500000 556345393152.000000
1.640000 0.005264 0.074355 -746023.687500 556551241728.000000
1.630000 0.005771 0.086895 -746132.875000 556714426368.000000
1.620000 0.006055 0.082656 -746244.875000 556881281024.000000
1.610000 0.005879 0.082227 -746348.812500 557036273664.000000
1.600000 0.005518 0.074004 -746482.750000 557236879360.000000
1.590000 0.006104 0.080371 -746596.062500 557405634560.000000
1.580000 0.005869 0.080527 -746675.125000 557523861504.000000
1.570000 0.004844 0.057813 -746774.062500 557671710720.000000
1.560000 0.006191 0.070469 -746858.750000 557797801984.000000
1.550000 0.004619 0.053691 -746945.437500 557927170048.000000
1.540000 0.005264 0.061230 -747006.937500 558019510272.000000
1.530000 0.005049 0.058105 -747077.687500 558125088768.000000
1.520000 0.004453 0.051953 -747158.812500 558246133760.000000
1.510000 0.004736 0.058418 -747219.375000 558336966656.000000
1.500000 0.005039 0.058164 -747260.562500 558398504960.000000
1.490000 0.004580 0.052988 -747292.187500 558445625344.000000
1.480000 0.004492 0.047891 -747328.937500 558500872192.000000
1.470000 0.004365 0.049980 -747373.250000 558567063552.000000
1.460000 0.004277 0.039492 -747428.812500 558649704448.000000
1.450000 0.004346 0.045254 -747464.312500 558702919680.000000
1.440000 0.003945 0.048594 -747505.125000 558763671552.000000
1.430000 0.003135 0.027637 -747543.812500 558821605376.000000
1.420000 0.003359 0.034492 -747560.812500 558847688704.000000
1.410000 0.003682 0.038457 -747591.375000 558892449792.000000
1.400000 0.003506 0.032207 -747613.250000 558925938688.000000
1.390000 0.003320 0.031992 -747633.250000 558955495424.000000
1.380000 0.003477 0.030391 -747658.312500 558993506304.000000
1.370000 0.002773 0.027383 -747674.750000 559017361408.000000
1.360000 0.002666 0.025449 -747679.500000 559024242688.000000
1.350000 0.003320 0.027422 -747692.937500 559044296704.000000
1.340000 0.002500 0.024531 -747705.687500 559064285184.000000
1.330000 0.002744 0.022676 -747719.375000 559084601344.000000
1.320000 0.002715 0.022305 -747745.687500 559123005440.000000
1.310000 0.002441 0.019492 -747756.875000 559140175872.000000
1.300000 0.002490 0.020371 -747765.250000 559152693248.000000
1.290000 0.002373 0.016582 -747781.750000 559177334784.000000
1.280000 0.002490 0.018809 -747793.937500 559195357184.000000
1.270000 0.002461 0.017188 -747802.750000 559209054208.000000
1.260000 0.002480 0.018281 -747812.500000 559223865344.000000
1.250000 0.002061 0.014082 -747817.437500 559230812160.000000
1.240000 0.001758 0.012461 -747824.250000 559240249344.000000
1.230000 0.001611 0.011309 -747834.875000 559257485312.000000
1.220000 0.001709 0.013730 -747839.687500 559263449088.000000
1.210000 0.001934 0.012383 -747844.312500 559271706624.000000
1.200000 0.001621 0.011563 -747843.750000 559270199296.000000
1.190000 0.001768 0.012090 -747845.375000 559272165376.000000
1.180000 0.001543 0.010664 -747849.812500 559279374336.000000
1.170000 0.001465 0.009805 -747848.812500 559277867008.000000
1.160000 0.001152 0.008164 -747850.500000 559281274880.000000
1.150000 0.001396 0.008262 -747855.625000 559287435264.000000
1.140000 0.001113 0.007500 -747858.750000 559292547072.000000
1.130000 0.001318 0.007129 -747860.937500 559296479232.000000
1.120000 0.001230 0.007812 -747864.187500 559300214784.000000
1.110000 0.001025 0.005488 -747866.875000 559304081408.000000
1.100000 0.000908 0.005254 -747870.812500 559312011264.000000
1.090000 0.000820 0.005195 -747874.187500 559314436096.000000
1.080000 0.000898 0.005078 -747878.937500 559321776128.000000
1.070000 0.001055 0.005625 -747878.562500 559322365952.000000
1.060000 0.001025 0.004629 -747880.250000 559325446144.000000
1.050000 0.000664 0.003125 -747881.187500 559324790784.000000
1.040000 0.000596 0.003379 -747879.750000 559322955776.000000
1.030000 0.000830 0.004512 -747878.562500 559321645056.000000
1.020000 0.000557 0.003105 -747880.812500 559324790784.000000
1.010000 0.000713 0.003574 -747879.687500 559323086848.000000
