6.000000 0.003537 2.221594 -368.170013 138003.234375
5.990000 0.003060 2.243143 -371.855988 140619.781250
5.980000 0.001008 2.323789 -370.052002 139498.375000
5.970000 -0.000344 2.343367 -371.368011 140204.734375
5.960000 0.001297 2.230215 -372.773987 141297.343750
5.950000 0.000736 2.299184 -374.678009 142810.375000
5.940000 0.000904 2.160418 -372.567993 141128.187500
5.930000 -0.005383 2.379637 -375.944000 143640.828125
5.920000 -0.002093 2.305604 -376.589996 144261.500000
5.910000 -0.000652 2.360598 -375.653992 143460.156250
5.900000 0.001033 2.405820 -377.601990 144942.265625
5.890000 -0.002480 2.314633 -377.417999 144765.593750
5.880000 -0.001376 2.466025 -376.941986 144409.765625
5.870000 0.000596 2.350328 -379.570007 146519.718750
5.860000 -0.002361 2.388805 -378.720001 145801.562500
5.850000 0.000939 2.325637 -382.140015 148368.609375
5.840000 0.001596 2.407895 -381.813995 148149.125000
5.830000 0.000079 2.339389 -380.075989 146845.375000
5.820000 0.001009 2.447514 -383.350006 149266.140625
5.810000 -0.001176 2.459320 -383.937988 149845.625000
5.800000 -0.000519 2.377705 -383.406006 149476.796875
5.790000 0.002417 2.422283 -385.691986 150967.109375
5.780000 0.000321 2.222525 -385.208008 150669.312500
5.770000 0.000407 2.311924 -385.376007 150831.015625
5.760000 0.001084 2.411293 -385.558014 151018.203125
5.750000 -0.001146 2.383344 -387.612000 152607.171875
5.740000 -0.000624 2.350162 -388.299988 153050.375000
5.730000 0.001386 2.408557 -388.955994 153771.906250
5.720000 0.000528 2.350256 -388.394012 153273.890625
5.710000 -0.002234 2.359211 -389.846008 154311.843750
5.700000 0.001563 2.453838 -392.334015 156339.234375
5.690000 0.003739 2.320291 -392.161987 156255.687500
5.680000 0.001514 2.323016 -391.880005 155993.093750
5.670000 -0.000414 2.530184 -391.661987 155833.500000
5.660000 -0.002793 2.299813 -393.839996 157408.734375
5.650000 -0.000652 2.503746 -395.354004 158536.421875
5.640000 0.002207 2.481543 -395.648010 159044.734375
5.630000 0.000299 2.420656 -395.118011 158685.796875
5.620000 -0.000032 2.569389 -395.376007 158783.515625
5.610000 0.001024 2.554705 -397.609985 160451.546875
5.600000 -0.000001 2.427615 -399.394012 161931.171875
5.590000 0.001820 2.427274 -398.834015 161447.390625
5.580000 -0.001576 2.455734 -400.056000 162333.031250
5.570000 -0.000773 2.496375 -399.890015 162246.078125
5.560000 -0.000074 2.454023 -401.451996 163524.890625
5.550000 0.003552 2.485838 -402.634003 164537.062500
5.540000 -0.000763 2.492572 -403.656006 165316.250000
5.530000 0.000312 2.529484 -403.415985 165172.312500
5.520000 -0.001314 2.542727 -404.967987 166434.234375
5.510000 -0.000127 2.595129 -405.609985 166940.000000
5.500000 0.000573 2.544858 -405.903992 167213.562500
5.490000 0.002612 2.519584 -406.989990 167989.703125
5.480000 -0.000645 2.494066 -406.644012 167715.171875
5.470000 -0.000024 2.514686 -408.798004 169526.968750
5.460000 0.002331 2.653162 -406.444000 167569.125000
5.450000 -0.000084 2.572914 -411.041992 171395.515625
5.440000 0.001643 2.436863 -412.553986 172584.031250
5.430000 0.001666 2.579594 -413.346008 173367.453125
5.420000 -0.002240 2.641395 -410.726013 171140.546875
5.410000 0.000195 2.693020 -411.011993 171261.031250
5.400000 -0.001351 2.587549 -413.105988 173131.687500
5.390000 0.000810 2.539174 -414.869995 174676.390625
5.380000 -0.000003 2.470310 -415.548004 175106.171875
5.370000 -0.000771 2.680639 -416.002014 175486.171875
5.360000 -0.001712 2.567158 -417.674011 176787.875000
5.350000 0.000060 2.570065 -419.626007 178589.156250
5.340000 0.000110 2.591643 -418.332001 177529.375000
5.330000 -0.002951 2.655066 -419.178009 178092.156250
5.320000 0.001311 2.593113 -420.667999 179353.625000
5.310000 0.002408 2.627844 -422.187988 180797.953125
5.300000 0.001542 2.553342 -421.473999 180079.296875
5.290000 0.001095 2.649103 -424.092010 182253.343750
5.280000 -0.002927 2.637455 -421.915985 180458.171875
5.270000 -0.000510 2.721770 -423.493988 181748.828125
5.260000 0.002288 2.597400 -425.170013 183214.750000
5.250000 0.001315 2.658275 -429.342010 186677.468750
5.240000 -0.000321 2.772225 -425.411987 183333.765625
5.230000 -0.001484 2.764227 -428.619995 186136.281250
5.220000 -0.000771 2.626701 -430.006012 187253.859375
5.210000 -0.001734 2.520117 -430.377991 187692.359375
5.200000 -0.002662 2.641121 -430.946014 188201.890625
5.190000 -0.001196 2.630189 -433.334015 190320.218750
5.180000 0.000987 2.708068 -434.148010 190993.156250
5.170000 0.001887 2.798152 -432.700012 189658.265625
5.160000 0.001041 2.958074 -433.885986 190906.843750
5.150000 0.001636 2.758139 -437.776001 194083.265625
5.140000 -0.000521 2.662305 -437.406006 193800.250000
5.130000 -0.001878 2.908529 -438.455994 194661.625000
5.120000 -0.001321 2.594986 -438.556000 194813.625000
5.110000 -0.001207 2.630723 -439.220001 195500.031250
5.100000 0.002381 2.683961 -439.721985 195865.859375
5.090000 -0.000340 2.956500 -440.989990 196927.546875
5.080000 -0.001405 2.782572 -442.873993 198633.593750
5.070000 0.001956 2.748768 -442.532013 198241.953125
5.060000 0.003704 2.935889 -444.429993 200088.671875
5.050000 -0.000615 3.116582 -445.649994 201175.203125
5.040000 0.000566 2.779656 -447.134003 202367.937500
5.030000 0.003263 2.832021 -446.056000 201524.000000
5.020000 -0.000472 2.755014 -450.574005 205595.546875
5.010000 -0.001882 2.873572 -450.178009 205270.781250
5.000000 0.001534 2.930521 -451.388000 206157.953125
4.990000 0.000711 2.909781 -452.201996 206970.812500
4.980000 0.000318 2.998863 -453.140015 207828.187500
4.970000 -0.000835 3.106814 -453.782013 208420.484375
4.960000 0.002142 2.886330 -454.459991 208929.406250
4.950000 -0.002235 2.921088 -454.190002 208828.359375
4.940000 -0.002318 2.653461 -456.915985 211354.968750
4.930000 -0.001028 3.139420 -458.756012 213092.640625
4.920000 0.001235 3.001799 -458.264008 212510.812500
4.910000 -0.001702 3.029643 -459.526001 213704.484375
4.900000 0.000348 3.068508 -464.179993 217944.250000
4.890000 -0.001410 2.851973 -460.414001 214458.718750
4.880000 0.002233 3.003557 -465.325989 219160.640625
4.870000 -0.000466 3.116838 -464.420013 218176.921875
4.860000 0.000874 2.945916 -464.735992 218520.921875
4.850000 -0.002391 2.846547 -466.958008 220559.515625
4.840000 -0.000061 3.148871 -468.295990 221719.421875
4.830000 0.000179 3.050119 -468.127991 221531.578125
4.820000 -0.000937 3.051182 -468.040009 221670.343750
4.810000 0.004497 3.093783 -469.415985 222918.875000
4.800000 0.001192 3.040857 -472.828003 226038.078125
4.790000 0.003878 3.065135 -471.156006 224475.296875
4.780000 0.001704 3.009432 -474.227997 227393.593750
4.770000 -0.002646 3.226668 -474.279999 227450.687500
4.760000 0.003833 2.970869 -473.865997 227135.781250
4.750000 0.001220 3.060607 -478.182007 231228.281250
4.740000 -0.000265 3.004072 -477.776001 230958.968750
4.730000 0.000979 3.039351 -480.223999 233162.843750
4.720000 -0.002325 3.242217 -479.410004 232476.421875
4.710000 -0.001542 3.024662 -481.992004 234888.218750
4.700000 0.002136 2.899385 -481.687988 234481.187500
4.690000 -0.001097 3.144104 -483.481995 236193.218750
4.680000 0.001081 3.100682 -485.174011 237949.250000
4.670000 -0.003009 3.254803 -487.182007 240073.562500
4.660000 -0.002406 3.047539 -488.782013 241509.312500
4.650000 -0.001717 3.269535 -488.798004 241556.859375
4.640000 -0.000937 3.005309 -491.894012 244469.921875
4.630000 0.003146 2.894772 -490.872009 243581.953125
4.620000 0.003651 3.183932 -490.660004 243365.859375
4.610000 -0.001646 3.439531 -493.644012 246214.109375
4.600000 0.000405 3.141615 -491.657990 244403.046875
4.590000 0.003132 3.436947 -495.303986 247963.234375
4.580000 0.002711 3.358320 -497.006012 249628.703125
4.570000 0.003286 3.219283 -500.467987 252933.953125
4.560000 -0.000645 3.212160 -500.679993 253306.140625
4.550000 0.000363 3.407777 -500.582001 253258.015625
4.540000 0.002318 3.279980 -502.622009 255199.937500
4.530000 0.001396 3.261904 -501.601990 254070.968750
4.520000 0.000469 3.226274 -507.186005 259928.828125
4.510000 -0.001215 3.363121 -505.932007 258700.359375
4.500000 -0.000071 3.607330 -507.462006 260158.718750
4.490000 -0.006638 3.149412 -509.247986 261842.937500
4.480000 -0.001717 3.669688 -509.574005 262286.656250
4.470000 0.001454 3.245088 -510.670013 263328.250000
4.460000 -0.002215 3.602289 -513.747986 266604.875000
4.450000 0.002341 3.608764 -514.797974 267612.625000
4.440000 0.001940 3.444603 -513.466003 266303.125000
4.430000 -0.001053 3.527734 -518.059998 271058.875000
4.420000 -0.002929 3.386279 -518.549988 271581.875000
4.410000 -0.006378 3.469979 -523.984009 277186.750000
4.400000 0.001026 3.386967 -520.703979 273767.437500
4.390000 0.000023 3.647137 -522.193970 275189.375000
4.380000 0.001400 3.514090 -522.606018 275814.937500
4.370000 0.002569 3.699533 -525.614014 278982.343750
4.360000 -0.001536 3.743354 -527.125977 280391.187500
4.350000 0.001399 3.450299 -527.851990 281315.812500
4.340000 0.002312 3.429318 -530.426025 283936.906250
4.330000 0.000062 3.418768 -531.690002 285587.250000
4.320000 -0.001501 3.540584 -531.252014 284928.750000
4.310000 0.001776 3.603580 -533.497986 287254.031250
4.300000 -0.001908 3.735777 -535.171997 289138.781250
4.290000 0.000947 4.000707 -537.515991 291623.906250
4.280000 0.001010 3.709520 -539.038025 293323.437500
4.270000 0.000411 3.595623 -540.478027 294779.406250
4.260000 0.001987 3.730572 -540.021973 294460.875000
4.250000 0.000273 3.901980 -541.374023 295854.843750
4.240000 -0.002451 3.631930 -545.213989 299732.750000
4.230000 -0.000136 3.899256 -545.674011 300497.562500
4.220000 -0.001263 3.906307 -546.000000 300911.062500
4.210000 -0.003149 3.720057 -545.377991 300162.875000
4.200000 -0.001177 3.920014 -550.536011 305790.218750
4.190000 0.000740 3.853113 -550.812012 306176.812500
4.180000 -0.001425 3.748514 -551.208008 306540.281250
4.170000 -0.002096 3.796520 -556.544006 312522.312500
4.160000 -0.001154 3.848938 -559.013977 315214.687500
4.150000 -0.002052 4.023326 -557.408020 313463.000000
4.140000 -0.000830 3.986684 -558.606018 314813.687500
4.130000 0.003045 3.865828 -561.276001 317866.968750
4.120000 0.003888 4.027814 -559.377991 315649.531250
4.110000 0.001903 4.104834 -565.231995 322250.718750
4.100000 0.002521 4.331135 -563.455994 320270.031250
4.090000 0.003762 3.647922 -565.151978 322013.625000
4.080000 0.004278 4.166986 -569.435974 327032.500000
4.070000 0.000201 4.151039 -570.494019 328239.281250
4.060000 0.005120 4.508076 -572.237976 330209.750000
4.050000 0.002285 3.974492 -574.986023 333372.687500
4.040000 0.003535 4.113750 -575.468018 333907.875000
4.030000 0.000923 4.341221 -574.822021 333090.281250
4.020000 0.000993 4.221447 -578.367981 337227.968750
4.010000 -0.001931 4.228748 -578.073975 336911.531250
4.000000 0.006335 4.276678 -583.995972 343737.218750
3.990000 -0.000911 4.459373 -585.432007 345489.906250
3.980000 -0.005522 4.128224 -588.479980 349043.187500
3.970000 0.005511 4.396154 -588.648010 349146.687500
3.960000 0.002837 4.269990 -587.306030 347784.687500
3.950000 0.001376 4.623631 -591.898010 353227.156250
3.940000 -0.002926 4.327305 -596.104004 357992.125000
3.930000 -0.002177 4.789435 -593.612000 355161.531250
3.920000 0.001582 4.799555 -598.469971 361122.968750
3.910000 0.000871 4.377242 -599.578003 362349.312500
3.900000 0.003099 4.623186 -598.211975 360593.250000
3.890000 0.002479 4.554766 -599.533997 362438.375000
3.880000 0.000345 4.581267 -606.174011 370521.062500
3.870000 -0.002771 4.309496 -607.573975 372208.156250
3.860000 0.001283 4.500957 -610.245972 375374.656250
3.850000 -0.000555 4.219867 -610.552002 375664.687500
3.840000 -0.001091 4.782971 -614.460022 380380.156250
3.830000 -0.000388 4.612549 -612.994019 378608.906250
3.820000 0.001475 4.535418 -616.799988 383342.093750
3.810000 -0.000530 5.020588 -617.875977 384730.781250
3.800000 -0.004872 4.849435 -621.995972 389877.187500
3.790000 -0.005517 5.235842 -624.228027 392620.781250
3.780000 -0.004808 5.228674 -624.093994 392291.781250
3.770000 0.000798 5.040693 -627.780029 397009.375000
3.760000 0.001370 5.562713 -629.054016 398608.250000
3.750000 -0.003816 5.181152 -630.728027 400829.656250
3.740000 -0.004645 5.413977 -632.221985 402720.062500
3.730000 -0.004602 5.029469 -634.685974 405668.843750
3.720000 0.002054 4.604365 -636.245972 407568.125000
3.710000 -0.001115 4.999180 -638.814026 411023.500000
3.700000 -0.002530 5.075596 -639.664001 412185.500000
3.690000 -0.002991 5.252955 -642.851990 416141.093750
3.680000 -0.007568 5.310285 -645.085999 419056.593750
3.670000 0.007766 5.149832 -649.538025 424866.468750
3.660000 0.002354 5.713334 -650.997986 426847.875000
3.650000 -0.001264 5.195211 -650.377991 426028.187500
3.640000 -0.001967 5.271563 -653.648010 430312.187500
3.630000 -0.002292 6.134479 -654.627991 431317.875000
3.620000 0.005168 5.669574 -658.882019 437069.593750
3.610000 0.000064 5.565856 -660.900024 439805.156250
3.600000 -0.002295 5.334961 -662.093994 441539.187500
3.590000 -0.003321 5.120318 -663.039978 442869.656250
3.580000 -0.006571 5.242025 -670.653992 452824.906250
3.570000 -0.002158 6.320492 -671.783997 454494.156250
3.560000 0.000424 5.848871 -673.478027 456608.468750
3.550000 -0.000915 5.955400 -673.546021 456847.062500
3.540000 -0.001192 5.803381 -677.362000 461658.562500
3.530000 -0.006089 6.237627 -682.015991 468332.468750
3.520000 0.000386 5.483263 -682.947998 469658.562500
3.510000 -0.003046 6.054135 -685.953979 473672.375000
3.500000 -0.006628 5.976963 -688.992004 477765.875000
3.490000 0.005793 7.057703 -692.416016 482417.062500
3.480000 -0.003292 6.548697 -692.768005 483142.406250
3.470000 0.002060 6.635307 -696.693970 488397.812500
3.460000 -0.002931 5.607814 -696.093994 487710.375000
3.450000 -0.002713 6.035933 -700.703979 494122.968750
3.440000 0.006037 6.275086 -702.190002 496202.406250
3.430000 0.000211 6.064394 -707.734009 504145.156250
3.420000 -0.005063 6.451033 -710.356018 507736.343750
3.410000 -0.001595 6.259990 -711.237976 509008.937500
3.400000 0.000158 6.290719 -713.486023 512335.187500
3.390000 -0.004765 6.341201 -716.937988 517285.312500
3.380000 0.003954 6.362900 -722.265991 524942.312500
3.370000 -0.005104 7.527004 -724.229980 527834.000000
3.360000 -0.001874 6.737498 -727.273987 532260.062500
3.350000 -0.002082 6.511945 -726.286011 530773.500000
3.340000 0.003303 6.701258 -732.270020 539631.000000
3.330000 0.009204 7.432936 -735.362000 544185.062500
3.320000 0.001563 7.313641 -737.166016 546699.187500
3.310000 0.002157 6.879600 -742.885986 555314.312500
3.300000 0.003487 8.921619 -745.388000 558989.687500
3.290000 -0.006569 7.655209 -745.075989 558333.000000
3.280000 -0.001105 8.326699 -754.573975 572549.312500
3.270000 -0.000759 7.806974 -753.650024 571247.562500
3.260000 -0.002587 7.869865 -752.624023 569982.312500
3.250000 -0.001017 7.491381 -757.781982 577675.625000
3.240000 -0.003932 8.002192 -763.671997 586558.312500
3.230000 -0.007862 7.721424 -765.469971 589353.625000
3.220000 -0.011668 8.419246 -771.556030 598844.312500
3.210000 -0.008335 8.372018 -773.786011 602287.312500
3.200000 -0.006797 9.095062 -776.046021 605556.562500
3.190000 0.001380 9.282256 -777.056030 607432.062500
3.180000 -0.001831 8.628248 -780.606018 612766.625000
3.170000 -0.004315 8.896619 -784.377991 618408.312500
3.160000 0.001027 8.871586 -788.841980 625724.875000
3.150000 -0.006892 8.030784 -790.624023 628466.500000
3.140000 0.006617 8.917383 -794.590027 635089.750000
3.130000 -0.006652 8.511859 -799.994019 643479.437500
3.120000 0.002233 9.395881 -803.026001 648315.500000
3.110000 0.001004 9.416476 -804.752014 651239.312500
3.100000 -0.016079 9.990439 -808.383972 656977.937500
3.090000 -0.003017 10.436518 -817.523987 671874.000000
3.080000 -0.012659 10.730814 -818.900024 674326.250000
3.070000 0.002953 10.512625 -817.773987 672165.250000
3.060000 -0.017230 9.081930 -825.771973 685477.500000
3.050000 0.002739 9.902369 -827.572021 688469.875000
3.040000 0.009151 11.333639 -831.538025 695140.437500
3.030000 0.003867 10.611524 -835.702026 701871.750000
3.020000 -0.003676 12.264317 -837.590027 705066.562500
3.010000 0.007788 9.171338 -841.755981 712294.562500
3.000000 -0.007194 11.940096 -849.598022 725494.375000
2.990000 0.012060 11.885694 -854.445984 733909.125000
2.980000 0.000314 10.873949 -858.635986 740982.000000
2.970000 0.000877 11.051379 -862.883972 748318.437500
2.960000 -0.005487 10.984759 -870.070007 761055.625000
2.950000 0.013754 11.602062 -870.202026 761036.375000
2.940000 -0.013550 11.105545 -875.614014 770384.437500
2.930000 -0.018533 13.230293 -876.504028 772028.750000
2.920000 -0.007443 12.723696 -883.945984 785109.125000
2.910000 0.025501 15.619279 -886.497986 789710.875000
2.900000 0.000342 14.028175 -894.987976 804863.625000
2.890000 0.025207 15.098914 -898.697998 811576.312500
2.880000 -0.005944 13.716455 -900.484009 814775.062500
2.870000 -0.001879 12.120566 -905.745972 824341.375000
2.860000 0.005360 14.905689 -908.942017 830157.625000
2.850000 0.004164 16.605246 -912.961975 837537.937500
2.840000 0.012600 17.065132 -923.976013 857740.312500
2.830000 0.009274 16.226526 -927.000000 863390.187500
2.820000 -0.003763 18.710514 -932.901978 874546.437500
2.810000 0.003129 17.082788 -937.875977 883930.875000
2.800000 -0.013172 20.271309 -942.757996 892676.937500
2.790000 -0.039104 17.127972 -943.969971 895205.000000
2.780000 -0.027456 17.637243 -953.223999 912641.500000
2.770000 -0.011233 18.389486 -958.854004 923636.812500
2.760000 -0.009019 19.442436 -962.926025 931293.437500
2.750000 0.007530 25.863541 -968.211975 941914.125000
2.740000 0.016185 26.181900 -976.549988 957984.625000
2.730000 0.006249 19.526443 -979.383972 963438.250000
2.720000 -0.006666 24.197575 -985.950012 976850.562500
2.710000 -0.005023 25.405262 -996.073975 996744.687500
2.700000 -0.040779 27.798672 -998.848022 1001990.125000
2.690000 -0.000166 25.276821 -1003.633972 1012115.375000
2.680000 0.002403 31.535822 -1015.273987 1035412.375000
2.670000 -0.002941 24.565641 -1014.117981 1032885.812500
2.660000 -0.057110 29.525791 -1027.052002 1059192.000000
2.650000 -0.027111 27.550953 -1032.099976 1070186.625000
2.640000 -0.018880 30.305952 -1039.170044 1084375.750000
2.630000 0.023368 23.460413 -1036.420044 1078267.000000
2.620000 -0.011729 28.516617 -1047.443970 1101684.875000
2.610000 0.057457 41.746735 -1058.628052 1126261.875000
2.600000 0.048396 31.053411 -1066.380005 1141851.250000
2.590000 0.046250 33.483116 -1070.316040 1150222.125000
2.580000 -0.004817 32.242088 -1072.920044 1155867.500000
2.570000 0.023678 38.204884 -1083.212036 1178310.250000
2.560000 0.007525 41.171829 -1095.612061 1205699.875000
2.550000 0.048400 46.118404 -1102.316040 1220393.375000
2.540000 0.081163 57.467670 -1119.654053 1259250.125000
2.530000 0.029971 40.909531 -1116.225952 1250899.625000
2.520000 0.066993 46.423321 -1123.008057 1266417.500000
2.510000 0.096833 53.073540 -1135.302002 1294367.875000
2.500000 -0.014590 67.586761 -1149.197998 1326177.750000
2.490000 0.013695 58.497330 -1153.182007 1335016.250000
2.480000 -0.007243 87.668526 -1168.171997 1370978.250000
2.470000 0.101180 62.461132 -1170.456055 1375943.500000
2.460000 -0.030499 112.907639 -1192.104004 1427797.750000
2.450000 0.054731 91.774933 -1197.202026 1439120.125000
2.440000 0.025195 106.653854 -1207.501953 1464364.000000
2.430000 0.164507 123.234779 -1223.053955 1502519.625000
2.420000 -0.083579 144.188324 -1236.913940 1537255.250000
2.410000 -0.371537 189.159790 -1266.921997 1612611.125000
2.400000 0.363193 189.311508 -1276.234009 1637237.250000
2.390000 -0.009404 157.872910 -1274.354004 1631708.625000
2.380000 -0.051749 220.058151 -1299.907959 1699539.000000
2.370000 0.086359 197.647125 -1300.725952 1700490.750000
2.360000 -0.049408 240.233292 -1319.161987 1749105.625000
2.350000 0.405029 223.296753 -1324.624023 1763856.625000
2.340000 -0.245288 199.931717 -1328.150024 1773166.625000
2.330000 -0.066349 243.008057 -1345.433960 1820172.125000
2.320000 -0.576886 383.987366 -1409.621948 1996337.250000
2.310000 -0.605263 409.848511 -1429.510010 2052545.875000
2.300000 -0.617445 421.634796 -1434.463989 2068229.875000
2.290000 -0.408079 387.298889 -1435.328003 2070305.375000
2.280000 0.630463 448.927185 -1465.462036 2156975.750000
2.270000 -0.325393 476.150879 -1482.890015 2209113.250000
2.260000 0.263069 337.249969 -1445.484009 2100172.500000
2.250000 0.731990 562.772339 -1527.923950 2342539.750000
2.240000 0.754954 593.372986 -1550.365967 2410861.500000
2.230000 0.771974 617.111877 -1564.140015 2453481.750000
2.220000 0.749429 585.777588 -1558.817993 2437295.750000
2.210000 0.770168 617.574280 -1584.510010 2517428.750000
2.200000 0.795009 653.767273 -1601.014038 2569447.750000
2.190000 0.773388 628.072144 -1599.921997 2567401.250000
2.180000 0.823458 697.247742 -1632.177979 2669405.500000
2.170000 0.835341 717.247559 -1651.066040 2731115.000000
2.160000 0.822435 698.948120 -1646.017944 2716075.000000
2.150000 0.840163 725.550903 -1662.197998 2768126.500000
2.140000 0.844243 732.874329 -1671.407959 2798980.750000
2.130000 0.852243 746.041260 -1685.362061 2845421.750000
2.120000 0.863018 764.296326 -1698.079956 2887924.250000
2.110000 0.861370 761.986450 -1704.060059 2908320.000000
2.100000 0.868559 774.520752 -1713.689941 2941321.500000
2.090000 0.877733 790.259827 -1726.095947 2983733.750000
2.080000 0.880614 795.558899 -1735.956055 3017322.750000
2.070000 0.884246 802.017395 -1743.868042 3044893.500000
2.060000 0.893227 817.986206 -1755.712036 3086075.750000
2.050000 0.892672 817.479797 -1760.791992 3103924.000000
2.040000 0.897862 826.477722 -1769.761963 3135486.250000
2.030000 0.897255 825.409851 -1771.001953 3139678.750000
2.020000 0.905918 841.116272 -1785.362061 3190529.000000
2.010000 0.905302 840.260437 -1787.754028 3199330.250000
2.000000 0.912830 853.914246 -1800.713989 3245337.000000
1.990000 0.914509 856.994446 -1805.135986 3261242.250000
1.980000 0.917221 862.195984 -1813.024048 3290020.750000
1.970000 0.921175 869.568481 -1822.848022 3325442.250000
1.960000 0.924810 876.288452 -1829.421997 3349217.750000
1.950000 0.929355 884.867065 -1839.093994 3384701.000000
1.940000 0.926951 880.388367 -1837.167969 3377599.000000
1.930000 0.931860 889.658569 -1847.843994 3416887.750000
1.920000 0.934402 894.473816 -1854.644043 3441862.500000
1.910000 0.935251 896.082520 -1856.793945 3449806.500000
1.900000 0.939861 904.844971 -1867.875977 3490872.000000
1.890000 0.939651 904.505432 -1869.202026 3496036.250000
1.880000 0.943479 911.822815 -1877.666016 3527524.000000
1.870000 0.944212 913.235352 -1880.394043 3537782.750000
1.860000 0.947475 919.504944 -1888.310059 3567416.250000
1.850000 0.948559 921.622559 -1891.972046 3581368.250000
1.840000 0.950181 924.748657 -1896.192017 3597217.250000
1.830000 0.952776 929.793518 -1902.754028 3622100.000000
1.820000 0.954231 932.635498 -1907.995972 3641982.000000
1.810000 0.954910 933.969604 -1910.975952 3653415.750000
1.800000 0.957739 939.480042 -1918.368042 3681645.250000
1.790000 0.958310 940.587158 -1920.452026 3689528.750000
1.780000 0.960375 944.637268 -1926.089966 3711187.750000
1.770000 0.960841 945.537903 -1927.563965 3716827.250000
1.760000 0.962889 949.550476 -1933.604004 3739991.500000
1.750000 0.964414 952.570007 -1938.089966 3757433.250000
1.740000 0.966310 956.286560 -1943.024048 3776444.250000
1.730000 0.966809 957.291992 -1945.323975 3785444.750000
1.720000 0.968059 959.753601 -1949.605957 3802030.500000
1.710000 0.969279 962.164124 -1952.582031 3813611.000000
1.700000 0.970424 964.429626 -1956.735962 3829772.750000
1.690000 0.971343 966.257385 -1959.079956 3838971.500000
1.680000 0.972494 968.538330 -1963.349976 3855639.000000
1.670000 0.972698 968.957520 -1964.491943 3860154.000000
1.660000 0.973916 971.378418 -1967.781982 3873110.500000
1.650000 0.975599 974.729492 -1973.546021 3895735.500000
1.640000 0.976426 976.372803 -1976.099976 3905770.500000
1.630000 0.977691 978.895447 -1979.780029 3920243.500000
1.620000 0.977654 978.828918 -1980.180054 3921862.250000
1.610000 0.978967 981.452576 -1984.004028 3937005.250000
1.600000 0.979582 982.679443 -1986.430054 3946571.250000
1.590000 0.980634 984.789978 -1989.781982 3959902.000000
1.580000 0.981261 986.046387 -1991.862061 3968164.500000
1.570000 0.982087 987.705261 -1994.904053 3980275.000000
1.560000 0.982467 988.467224 -1996.053955 3984844.500000
1.550000 0.983845 991.234985 -2000.661987 4003220.250000
1.540000 0.984107 991.763367 -2001.557983 4006757.000000
1.530000 0.984918 993.395203 -2004.378052 4018052.000000
1.520000 0.985265 994.094116 -2005.621948 4023048.750000
1.510000 0.985602 994.773682 -2006.790039 4027717.000000
1.500000 0.986781 997.151611 -2010.810059 4043838.750000
1.490000 0.986873 997.335327 -2011.511963 4046614.750000
1.480000 0.987860 999.325439 -2014.527954 4058735.500000
1.470000 0.988141 999.892761 -2015.803955 4063883.750000
1.460000 0.988560 1000.738647 -2017.014038 4068743.250000
1.450000 0.989148 1001.928589 -2019.073975 4077034.500000
1.440000 0.989812 1003.269592 -2021.657959 4087444.500000
1.430000 0.990086 1003.825989 -2022.765991 4091925.500000
1.420000 0.990726 1005.118530 -2025.001953 4100947.250000
1.410000 0.990892 1005.454834 -2025.579956 4103288.750000
1.400000 0.991700 1007.092773 -2028.364014 4114538.000000
1.390000 0.991977 1007.652527 -2029.378052 4118642.250000
1.380000 0.992207 1008.120178 -2030.303955 4122398.750000
1.370000 0.992466 1008.645081 -2031.215942 4126096.250000
1.360000 0.992972 1009.671875 -2033.017944 4133395.750000
1.350000 0.993290 1010.317688 -2034.281982 4138528.000000
1.340000 0.993657 1011.065613 -2035.566040 4143748.000000
1.330000 0.993920 1011.596985 -2036.552002 4147748.500000
1.320000 0.994301 1012.371338 -2037.984009 4153571.500000
1.310000 0.994456 1012.686401 -2038.484009 4155592.000000
1.300000 0.994848 1013.481873 -2040.108032 4162209.250000
1.290000 0.995261 1014.322266 -2041.677979 4168589.750000
1.280000 0.995321 1014.445862 -2041.906006 4169528.250000
1.270000 0.995723 1015.262451 -2043.313965 4175258.000000
1.260000 0.995887 1015.596985 -2043.988037 4178012.000000
1.250000 0.995998 1015.824829 -2044.410034 4179736.250000
1.240000 0.996192 1016.220276 -2045.161987 4182801.750000
1.230000 0.996535 1016.918823 -2046.390015 4187814.750000
1.220000 0.996676 1017.205811 -2047.036011 4190455.250000
1.210000 0.996814 1017.488403 -2047.511963 4192395.250000
1.200000 0.996963 1017.790588 -2048.100098 4194789.000000
1.190000 0.997300 1018.478149 -2049.347900 4199894.000000
1.180000 0.997372 1018.625610 -2049.575928 4200825.500000
1.170000 0.997638 1019.167603 -2050.617920 4205088.000000
1.160000 0.997730 1019.356628 -2051.033936 4206788.000000
1.150000 0.997976 1019.858643 -2051.956055 4210564.500000
1.140000 0.997942 1019.789978 -2051.847900 4210117.500000
1.130000 0.997978 1019.861755 -2051.989990 4210699.500000
1.120000 0.998239 1020.397034 -2053.008057 4214870.500000
1.110000 0.998381 1020.686523 -2053.555908 4217114.500000
1.100000 0.998449 1020.826721 -2053.847900 4218310.000000
1.090000 0.998395 1020.713989 -2053.659912 4217543.500000
1.080000 0.998645 1021.225769 -2054.602051 4221404.000000
1.070000 0.998779 1021.501648 -2055.137939 4223602.500000
1.060000 0.998827 1021.599243 -2055.342041 4224434.500000
1.050000 0.998952 1021.855225 -2055.825928 4226419.000000
1.040000 0.998935 1021.819275 -2055.739990 4226070.500000
1.030000 0.999041 1022.036743 -2056.156006 4227774.500000
1.020000 0.999118 1022.194885 -2056.486084 4229130.500000
1.010000 0.999194 1022.350525 -2056.771973 4230301.500000
